0 0 4.1
0 2.5 5.1
0 7.5 6.9
0 12.5 7.2
0 17.5 7.2
0 22.5 6.9
0 27.5 5.3
0 30 3.9

6 0 3.8
6 2.5 5.2
6 7.5 6.7
6 12.5 7.2
6 17.5 7.4
6 22.5 6.8
6 27.5 4.9
6 30 3.7

12 0 4.2
12 2.5 5.5
12 7.5 6.9
12 12.5 7.2
12 17.5 7.3
12 22.5 6.7
12 27.5 5.7
12 30 4.1

18 0 3.8
18 2.5 5.5
18 7.5 6.7
18 12.5 7.1
18 17.5 7.3
18 22.5 6.8
18 27.5 5.6
18 30 4.2

24 0 4.1
24 2.5 5.5
24 7.5 6.8
24 12.5 7.1
24 17.5 7.3
24 22.5 6.9
24 27.5 5.7
24 30 4.2

30 0 4.5
30 2.5 5.5
30 7.5 6.9
30 12.5 7.0
30 17.5 7.2
30 22.5 6.8
30 27.5 5.7
30 30 4.8

36 0 4.2
36 2.5 5.5
36 7.5 7.1
36 12.5 7.4
36 17.5 7.5
36 22.5 6.9
36 27.5 5.7
36 30 4.3

42 0 4.1
42 2.5 5.5
42 7.5 7.0
42 12.5 7.4
42 17.5 7.4
42 22.5 6.8
42 27.5 5.7
42 30 4.2

48 0 4.0
48 2.5 5.5
48 7.5 6.7
48 12.5 7.5
48 17.5 7.3
48 22.5 6.9
48 27.5 5.7
48 30 4.1

54 0 4.1
54 2.5 5.5
54 7.5 6.8
54 12.5 7.1
54 17.5 7.2
54 22.5 6.9
54 27.5 5.7
54 30 3.9

60 0 4.0
60 2.5 5.5
60 7.5 6.9
60 12.5 7.2
60 17.5 7.1
60 22.5 6.9
60 27.5 5.7
60 30 3.9

66 0 4.1
66 2.5 5.5
66 7.5 7.0
66 12.5 7.2
66 17.5 7.3
66 22.5 6.8
66 27.5 5.7
66 30 4.2

72 0 3.9
72 2.5 5.5
72 7.5 6.9
72 12.5 7.2
72 17.5 7.5
72 22.5 7.2
72 27.5 5.7
72 30 4.1

78 0 3.8
78 2.5 5.1
78 7.5 6.8
78 12.5 7.1
78 17.5 7.2
78 22.5 6.9
78 27.5 5.1
78 30 4.0
