Tetlan|1073.0|
0.0|200.0|400.0|600.0|900.0|1000.0|1073.0|
5.0|50.0|55.0|72.0|72.0|50.0|0.0|
-1.0|44.0|49.0|66.0|66.0|44.0|-1.0|
10.0|55.0|60.0|77.0|77.0|55.0|5.0|
13.0|58.0|63.0|80.0|80.0|58.0|8.0|
Aurora|1235.0|
0.0|127.0|427.0|1057.0|1127.0|1227.0|1235.0|
5.0|40.0|72.0|72.0|60.0|30.0|0.0|
-1.0|34.0|66.0|66.0|54.0|24.0|-1.0|
10.0|45.0|77.0|77.0|65.0|35.0|5.0|
13.0|48.0|80.0|80.0|68.0|38.0|8.0|
SanJacinto|923.0|
0.0|200.0|500.0|750.0|800.0|900.0|923.0|
5.0|50.0|70.0|70.0|65.0|40.0|0.0|
-1.0|44.0|64.0|64.0|59.0|34.0|-1.0|
10.0|55.0|75.0|75.0|70.0|45.0|5.0|
13.0|58.0|78.0|78.0|73.0|48.0|8.0|
SanAndres|799.0|
0.0|168.0|468.0|618.0|718.0|768.0|799.0|
5.0|50.0|72.0|72.0|60.0|40.0|0.0|
-1.0|44.0|66.0|66.0|54.0|34.0|-1.0|
10.0|55.0|77.0|77.0|65.0|45.0|5.0|
13.0|58.0|80.0|80.0|68.0|48.0|8.0|
CristobalDeO|995.0|
0.0|270.0|670.0|795.0|920.0|970.0|995.0|
5.0|60.0|70.0|70.0|50.0|35.0|0.0|
-1.0|54.0|64.0|64.0|44.0|29.0|-1.0|
10.0|65.0|75.0|75.0|55.0|40.0|5.0|
13.0|68.0|78.0|78.0|58.0|43.0|8.0|
Obaltos|966.0|
0.0|274.0|474.0|774.0|874.0|924.0|966.0|
5.0|60.0|72.0|72.0|60.0|40.0|0.0|
-1.0|54.0|66.0|66.0|54.0|34.0|-1.0|
10.0|65.0|77.0|77.0|65.0|45.0|5.0|
13.0|68.0|80.0|80.0|68.0|48.0|8.0|
BelisarioDom|994.0|
0.0|200.0|500.0|750.0|900.0|980.0|994.0|
5.0|55.0|70.0|72.0|50.0|20.0|0.0|
-1.0|49.0|64.0|66.0|44.0|14.0|-1.0|
10.0|60.0|75.0|77.0|55.0|25.0|5.0|
13.0|63.0|78.0|80.0|58.0|28.0|8.0|
SanJuanDeDio|781.0|
0.0|200.0|400.0|600.0|630.0|765.0|781.0|
5.0|50.0|60.0|65.0|65.0|20.0|0.0|
-1.0|44.0|54.0|59.0|59.0|14.0|-1.0|
10.0|55.0|65.0|70.0|70.0|25.0|5.0|
13.0|58.0|68.0|73.0|73.0|28.0|8.0|
PlazaUnivers|760.0|
0.0|300.0|350.0|530.0|640.0|755.0|760.0|
5.0|60.0|60.0|45.0|50.0|25.0|0.0|
-1.0|54.0|54.0|39.0|44.0|19.0|-1.0|
10.0|65.0|65.0|50.0|55.0|30.0|5.0|
13.0|68.0|68.0|53.0|58.0|33.0|8.0|
Juarez|212.0|
0.0|65.0|100.0|155.0|190.0|210.0|212.0|
5.0|20.0|15.0|15.0|16.0|13.0|0.0|
-1.0|14.0|9.0|9.0|10.0|7.0|-1.0|
10.0|25.0|20.0|20.0|21.0|18.0|5.0|
13.0|28.0|23.0|23.0|24.0|21.0|8.0|
AreaManiobra|205.0|
0.0|45.0|100.0|140.0|160.0|200.0|205.0|
5.0|15.0|17.0|20.0|20.0|10.0|0.0|
-1.0|9.0|11.0|14.0|14.0|4.0|-1.0|
10.0|20.0|22.0|25.0|25.0|15.0|5.0|
13.0|23.0|25.0|28.0|28.0|18.0|8.0|
Juarez|781.0|
0.0|200.0|580.0|770.0|775.0|780.0|781.0|
5.0|50.0|70.0|30.0|25.0|20.0|0.0|
-1.0|44.0|64.0|24.0|19.0|14.0|-1.0|
10.0|55.0|75.0|35.0|30.0|25.0|5.0|
13.0|58.0|78.0|38.0|33.0|28.0|8.0|
PlazaUnivers|796.0|
0.0|130.0|420.0|700.0|770.0|790.0|796.0|
5.0|40.0|70.0|40.0|35.0|25.0|0.0|
-1.0|34.0|64.0|34.0|29.0|19.0|-1.0|
10.0|45.0|75.0|45.0|40.0|30.0|5.0|
13.0|48.0|78.0|48.0|43.0|33.0|8.0|
SanJuanDeDio|961.0|
0.0|205.0|425.0|635.0|755.0|940.0|961.0|
5.0|50.0|65.0|70.0|70.0|30.0|0.0|
-1.0|44.0|59.0|64.0|64.0|24.0|-1.0|
10.0|55.0|70.0|75.0|75.0|35.0|5.0|
13.0|58.0|73.0|78.0|78.0|38.0|8.0|
BelisarioDom|968.0|
0.0|55.0|210.0|370.0|800.0|960.0|968.0|
5.0|20.0|50.0|60.0|67.0|30.0|0.0|
-1.0|14.0|44.0|54.0|61.0|24.0|-1.0|
10.0|25.0|55.0|65.0|72.0|35.0|5.0|
13.0|28.0|58.0|68.0|75.0|38.0|8.0|
Oblatos|994.0|
0.0|210.0|550.0|620.0|785.0|895.0|994.0|
5.0|50.0|70.0|70.0|55.0|55.0|0.0|
-1.0|44.0|64.0|64.0|49.0|49.0|-1.0|
10.0|55.0|75.0|75.0|60.0|60.0|5.0|
13.0|58.0|78.0|78.0|63.0|63.0|8.0|
CristobalDe0|800.0|
0.0|195.0|495.0|570.0|685.0|795.0|800.0|
5.0|50.0|70.0|70.0|60.0|30.0|0.0|
-1.0|44.0|64.0|64.0|54.0|24.0|-1.0|
10.0|55.0|75.0|75.0|65.0|35.0|5.0|
13.0|58.0|78.0|78.0|68.0|38.0|8.0|
SanAndres|923.0|
0.0|130.0|430.0|595.0|760.0|915.0|923.0|
5.0|40.0|70.0|45.0|60.0|25.0|0.0|
-1.0|34.0|64.0|39.0|54.0|19.0|-1.0|
10.0|45.0|75.0|50.0|65.0|30.0|5.0|
13.0|48.0|78.0|53.0|68.0|33.0|8.0|
SanJacinto|1236.0|
0.0|170.0|500.0|880.0|1070.0|1225.0|1236.0|
5.0|50.0|70.0|70.0|65.0|40.0|0.0|
-1.0|44.0|64.0|64.0|59.0|34.0|-1.0|
10.0|55.0|75.0|75.0|70.0|45.0|5.0|
13.0|58.0|78.0|78.0|73.0|48.0|8.0|
Aurora|1095.0|
0.0|195.0|485.0|895.0|1000.0|1090.0|1095.0|
5.0|50.0|70.0|40.0|45.0|20.0|0.0|
-1.0|44.0|64.0|34.0|39.0|14.0|-1.0|
10.0|55.0|75.0|45.0|50.0|25.0|5.0|
13.0|58.0|78.0|48.0|53.0|28.0|8.0|
Tetlan|176.0|
0.0|40.0|80.0|155.0|170.0|175.0|176.0|
5.0|13.0|15.0|15.0|12.0|7.0|0.0|
-1.0|7.0|9.0|9.0|6.0|1.0|-1.0|
10.0|18.0|20.0|20.0|17.0|12.0|5.0|
13.0|21.0|23.0|23.0|20.0|15.0|8.0|
