Per.Sur|896|
0.0|25.8|50.6|75.0|100.5|127.0|152.0|175.4|200.2|226.0|250.1|275.9|301.0|325.0|350.8|374.9|399.7|424.8|450.6|474.6|501.2|525.3|550.3|575.9|600.2|625.8|649.3|675.6|700.7|725.5|750.6|775.6|800.5|825.5|851.1|876.1|884.2|890.7|894.7|895.4|896.0|
2.0|9.3|15.8|17.1|18.7|20.7|23.2|26.7|31.3|36.3|40.6|44.9|48.3|50.9|53.2|55.1|56.7|57.7|59.0|59.6|59.6|58.8|57.3|55.2|52.1|48.5|45.6|43.3|40.9|37.2|29.8|21.5|21.2|24.0|26.0|24.3|22.0|17.1|13.0|5.2|0.0|
Tesoro|1070|
0.0|25.6|50.3|75.0|100.6|125.3|149.6|175.3|200.0|225.6|250.3|275.0|300.6|325.3|350.0|375.6|300.0|426.0|450.3|475.0|500.6|525.3|550.0|575.6|600.3|625.0|650.6|675.3|701.0|725.3|750.0|775.6|799.3|825.0|850.6|875.3|900.0|925.6|950.3|974.6|1000.3|1025.0|1050.6|1066.6|1070.0|1070.0|1070.0|
2.0|9.0|17.7|26.3|34.4|40.8|46.2|51.0|55.1|58.7|62.1|64.7|66.9|68.8|70.2|71.0|71.1|70.8|70.6|69.6|68.4|66.9|65.7|64.3|63.2|62.7|62.0|61.9|61.6|61.7|61.3|60.3|58.3|55.0|50.7|43.3|32.3|21.9|19.8|22.2|25.6|27.4|25.5|17.2|12.0|4.0|0.0|
Espana|747|
0.0|25.8|50.7|75.7|100.0|125.8|150.7|176.6|200.8|225.8|250.3|275.2|300.0|325.3|350.3|375.2|400.4|425.3|450.0|475.0|500.0|525.3|551.2|577.0|600.4|625.6|650.5|675.7|700.6|725.6|739.8|747.0|
2.0|10.3|17.7|25.5|31.2|36.7|42.0|47.1|51.6|54.3|57.7|60.3|62.7|65.0|66.6|67.7|68.5|69.5|70.0|70.0|68.4|67.0|64.5|60.7|56.0|52.8|48.6|41.0|32.7|25.5|21.0|0.0|
PatriaSur|807|
0.0|25.0|51.3|74.9|100.5|125.5|150.3|176.1|200.2|225.3|250.1|275.1|301.0|325.8|350.8|374.9|400.7|425.5|450.6|475.4|500.5|525.3|550.3|576.9|600.2|625.0|650.1|675.6|701.5|725.5|750.6|775.6|800.5|807.0|
2.2|8.5|18.4|26.1|34.1|40.2|45.9|49.8|53.8|57.3|60.0|62.7|65.0|66.7|68.1|68.7|69.1|68.0|65.9|62.5|58.7|53.6|49.9|45.2|40.2|33.6|28.5|24.1|23.3|25.0|27.4|28.5|22.8|0.0|
IslaRaza|694|
0.0|25.7|50.0|75.6|100.7|125.1|150.8|175.2|200.1|225.9|250.8|275.2|300.9|325.3|350.4|376.0|400.3|425.5|450.4|475.6|500.5|524.9|550.0|575.6|601.3|625.1|650.0|675.2|688.3|694.0|
2.0|8.7|18.1|26.6|33.1|39.8|44.3|48.1|51.7|54.3|56.9|59.1|60.9|62.8|64.2|65.5|65.9|66.3|65.9|64.9|62.5|60.0|54.8|51.4|43.3|38.1|33.3|26.5|22.5|0.0|
18deMarzo|702|
0.0|25.8|50.7|75.0|100.8|125.1|150.1|175.2|200.8|225.8|250.3|275.9|300.2|325.3|350.3|375.2|400.4|425.3|450.3|475.5|500.4|525.3|550.5|575.5|600.4|625.6|650.5|675.7|700.6|702.0|
2.0|9.3|16.1|21.6|26.0|30.3|35.3|39.7|44.8|47.5|50.2|53.1|55.3|56.3|57.5|58.4|59.7|60.4|59.3|58.3|56.3|52.3|44.4|37.2|28.1|23.4|24.9|26.0|13.0|0.0|
Urdaneta|593|
0.0|25.2|50.4|75.6|100.1|125.3|150.5|175.2|200.5|225.0|250.2|275.4|300.6|325.3|350.4|375.6|400.3|425.5|451.2|475.9|500.5|525.2|550.4|575.6|589.4|593.0|
2.0|8.6|17.2|27.0|34.1|40.3|45.4|49.4|53.4|56.3|59.9|61.6|63.4|64.4|64.6|63.4|62.2|58.3|53.6|48.9|44.1|38.5|32.5|25.8|17.5|0.0|
UdDeportivo|954|
0.0|25.0|50.1|75.2|100.2|125.0|150.1|175.2|201.1|225.3|250.4|275.4|301.3|325.6|350.4|375.4|400.5|425.6|450.6|475.7|500.8|525.9|550.6|575.7|600.0|625.0|650.9|675.2|701.1|725.0|752.0|775.2|800.2|826.1|850.4|875.4|901.3|925.3|943.4|952.3|954.0|
2.0|8.3|17.2|25.6|32.2|38.5|43.6|49.0|53.5|57.1|60.5|63.3|65.6|66.8|67.9|68.5|69.0|69.2|69.6|69.7|70.0|69.6|69.0|68.7|68.1|67.1|65.0|63.1|60.0|58.5|56.3|53.4|51.1|45.2|39.9|33.7|24.5|22.0|21.5|19.0|0.0|
StaFilomena|1006|
0.0|25.6|50.3|75.0|100.6|125.3|151.0|175.3|200.0|225.6|250.3|275.0|300.7|325.3|350.0|375.6|400.3|426.0|451.6|475.0|500.6|525.3|550.0|575.6|600.3|625.0|650.6|675.3|701.0|725.3|750.0|775.6|800.3|825.0|849.6|875.3|900.0|926.6|950.3|976.0|988.6|998.3|1001.6|1006.0
2.0|8.7|17.8|23.9|29.9|34.7|39.9|45.0|49.0|52.2|54.9|57.1|58.1|58.4|57.5|55.3|53.3|51.3|50.2|49.6|49.7|50.3|51.3|52.9|54.2|55.1|55.1|54.7|53.9|52.9|51.6|50.3|49.1|48.0|47.1|45.9|44.6|41.3|35.5|26.9|23.4|20.1|17.6|0.0|
Washington|691|
0.0|25.7|50.6|75.0|100.1|125.1|150.0|175.2|200.7|225.9|250.2|275.2|300.3|325.9|350.4|375.4|400.3|425.5|450.4|475.6|500.5|525.5|550.6|575.6|600.7|625.1|650.6|675.2|691.0|
2.0|9.2|18.1|25.8|33.0|39.1|44.0|48.0|51.6|55.0|57.8|60.2|63.1|65.0|66.5|68.1|68.8|69.4|69.3|67.8|65.3|61.7|57.2|53.1|49.1|45.0|34.3|20.4|0.0|
Mexicaltzing|881|
0.0|25.8|50.6|75.6|100.5|125.5|150.3|175.4|200.2|225.3|251.1|275.1|300.0|325.8|350.8|375.6|400.7|425.5|450.6|475.4|500.5|525.3|550.3|575.1|601.0|625.8|650.1|675.6|700.7|725.5|750.6|775.6|800.5|825.5|850.3|875.4|881.0|
2.0|8.1|18.1|26.0|33.3|38.9|43.6|47.9|51.4|54.2|57.1|59.1|61.3|62.8|64.2|65.3|66.3|67.3|68.3|69.0|69.2|69.4|69.4|69.7|68.8|67.7|65.6|63.0|60.3|56.9|53.7|49.4|44.6|38.1|23.3|10.3|0.0|
Juarez|826|
0.0|25.0|50.6|75.6|99.7|125.5|150.3|175.4|200.2|225.3|250.1|275.1|300.0|325.0|350.8|375.6|400.7|425.5|450.6|475.4|501.2|525.3|550.3|575.1|600.2|624.3|650.8|674.9|701.5|726.5|750.6|775.6|801.2|826.0|
2.0|9.0|18.4|26.4|33.1|38.9|42.9|46.4|48.2|49.0|48.7|48.6|48.1|47.8|46.8|46.6|46.4|46.0|46.5|47.2|48.3|49.2|50.1|51.2|51.4|51.4|51.5|51.1|50.4|49.3|47.3|42.7|34.3|0.0|
Refugio|1012|
0.0|25.6|50.3|75.0|100.6|125.3|149.6|175.3|200.0|225.6|250.3|275.0|300.6|325.3|350.0|375.6|400.3|426.0|450.3|475.0|500.6|525.3|575.6|600.3|626.0|650.6|676.3|699.9|725.3|750.0|775.6|800.3|825.0|850.6|875.3|900.0|925.6|950.3|976.0|999.3|1012.0|
2.0|9.0|17.7|26.0|32.9|38.8|43.7|46.9|50.3|52.9|55.0|56.6|57.9|59.0|60.5|61.5|63.2|64.1|65.0|66.9|68.1|69.2|70.3|71.0|71.1|70.7|70.3|69.5|68.3|66.8|64.7|62.6|60.3|56.6|52.8|49.1|45.4|41.4|35.3|24.2|0.0|
Mezquitan|803|
0.0|25.8|50.6|75.6|100.5|125.5|150.3|175.4|201.2|224.5|250.1|271.1|300.0|325.0|350.8|375.6|399.7|425.5|450.6|475.4|500.5|525.3|549.6|575.1|601.0|625.0|650.1|675.6|700.7|725.5|750.6|775.6|800.5|803.0|
2.0|8.7|17.9|26.1|33.3|38.4|42.8|45.5|48.5|50.4|52.9|54.7|56.9|58.8|60.9|62.9|64.3|65.3|66.8|67.7|68.1|68.0|67.5|66.1|64.1|61.7|58.1|54.3|49.7|44.8|38.9|30.6|19.5|0.0|
AvCamacho|1051|
0.0|25.6|50.3|75.0|100.6|125.3|149.6|175.3|200.0|224.6|250.3|276.0|300.6|325.3|350.0|375.6|399.0|424.6|450.3|475.0|500.6|525.3|551.0|575.6|600.3|625.0|650.6|675.3|699.6|725.3|749.0|775.6|800.3|825.0|850.6|875.3|900.0|925.6|950.3|976.0|1000.3|1025.0|1051.0|
2.0|8.6|17.5|25.3|32.9|39.1|43.4|47.8|51.4|54.3|57.3|59.8|61.9|64.2|65.8|67.3|68.7|69.4|70.3|70.6|70.4|69.5|67.9|65.5|62.3|59.2|55.4|52.1|51.0|50.6|50.9|51.2|51.4|51.7|50.9|49.2|48.2|46.7|45.0|42.9|39.2|31.3|0.0|
DivNorte|932|
0.0|25.0|50.9|75.2|101.1|125.0|150.1|175.2|201.1|225.3|250.4|275.4|301.3|350.4|375.4|401.3|425.6|450.6|475.7|499.7|524.7|449.8|575.7|600.8|625.0|650.1|675.2|701.1|725.0|750.1|775.2|801.1|825.3|850.4|875.4|901.3|925.3|932.0|
2.0|8.7|18.9|26.4|33.6|38.3|41.9|44.4|45.9|47.0|48.1|49.1|50.0|50.6|50.7|50.7|50.5|50.3|50.1|50.4|50.5|50.9|51.2|51.7|52.0|52.6|53.5|53.0|52.0|49.7|44.0|33.6|23.7|19.7|21.8|23.1|20.6|0.0|
Atemajac|550|
0.0|25.7|50.4|75.6|99.6|125.3|150.0|175.7|200.5|225.0|250.7|275.4|300.6|325.8|350.4|376.1|400.0|425.5|450.0|475.9|500.0|525.2|550.0|
2.0|8.8|17.7|26.5|32.9|38.0|42.7|46.5|48.9|49.6|45.2|36.6|23.4|14.2|14.4|17.1|20.0|24.8|30.2|31.7|32.3|28.3|0.0|
Dermatologi|1039|
0.0|25.6|50.3|75.0|100.6|125.3|149.6|175.3|200.0|225.6|250.3|275.0|300.6|324.3|350.0|375.6|400.3|426.0|449.3|475.0|500.6|525.3|551.0|575.6|599.3|625.0|650.6|675.3|701.0|725.3|750.0|775.6|800.3|825.0|850.6|875.6|900.0|925.6|950.3|974.6|1000.3|1025.0|1039.0|
2.0|8.1|17.4|24.7|30.8|33.5|32.4|27.0|27.1|29.6|34.4|39.3|44.4|48.9|53.0|56.3|59.6|62.2|64.3|66.1|67.5|68.4|68.8|68.7|68.4|67.2|66.0|64.0|62.7|59.9|56.9|51.5|43.6|33.9|20.9|14.6|10.0|5.1|12.8|13.7|13.6|14.8|0.0|
Per.Norte|1037|
0.0|25.6|50.3|75.0|100.6|125.3|151.0|175.3|200.0|225.6|250.3|275.0|300.6|325.3|350.0|375.6|400.3|426.0|450.3|475.0|500.6|525.3|550.0|575.6|600.3|625.0|650.6|675.3|699.6|725.3|750.0|775.6|800.3|825.0|850.6|875.3|900.0|925.6|950.3|974.6|1000.3|1025.0|1037.0|
2.0|9.3|13.4|17.2|22.8|29.4|35.5|40.9|46.0|50.2|53.3|55.9|58.0|60.2|61.6|62.9|63.7|64.8|65.3|66.0|66.5|67.1|67.5|68.0|69.1|69.3|68.8|67.2|63.6|57.5|50.6|39.9|28.5|18.3|19.7|24.6|31.0|36.0|39.7|39.6|34.4|23.9|0.0|
Dermatologi|551|
0.0|25.2|50.4|75.6|100.8|125.3|150.5|175.2|200.5|225.0|250.2|275.9|300.1|325.3|350.4|375.6|400.3|425.5|450.7|475.2|500.0|525.7|549.9|551.0|
2.0|8.8|17.7|19.0|18.3|18.9|19.6|20.7|23.6|28.4|32.8|37.9|42.9|47.4|50.4|51.8|51.3|48.8|43.9|39.1|33.8|26.3|12.4|0.0|
Atemajac|937|
0.0|25.0|50.1|75.2|100.2|125.0|150.1|175.2|200.2|225.3|250.4|275.4|300.5|325.6|350.4|375.4|400.5|425.6|450.6|475.7|500.8|525.9|550.6|575.7|600.0|625.9|650.1|675.2|701.1|725.0|750.9|775.2|800.2|825.3|850.4|875.4|900.5|925.3|937.0|
2.0|8.5|16.4|21.5|25.5|29.8|33.9|37.7|40.9|43.0|44.7|46.0|47.3|48.7|50.0|51.5|53.3|54.7|56.1|57.8|59.0|59.8|60.9|61.6|62.3|62.7|62.9|62.5|60.6|58.6|56.0|53.7|52.4|51.6|50.8|48.5|42.3|27.8|0.0|
DivNorte|1052|
0.0|25.6|50.3|75.0|100.6|125.3|151.0|175.3|200.0|225.6|250.3|275.0|300.6|325.3|350.0|375.6|400.3|426.0|450.3|475.0|500.6|525.3|550.0|575.6|600.3|625.0|650.6|675.3|699.6|725.3|750.0|775.0|800.0|825.0|850.6|875.3|900.0|925.6|950.3|976.0|1000.3|1025.0|1050.0|1052.0|
2.0|8.5|18.0|26.1|33.5|38.6|42.9|45.4|46.9|47.5|47.7|47.7|48.0|48.9|50.2|51.5|52.9|54.3|55.6|56.9|58.0|59.2|60.4|61.3|62.4|63.4|64.0|64.2|64.8|65.0|65.0|65.0|65.0|65.2|65.4|65.2|64.3|62.8|59.6|54.2|47.5|38.1|13.0|0.0|
AvCamacho|803|
0.0|25.0|50.6|75.6|100.5|125.5|150.3|175.4|200.2|225.3|250.1|275.1|300.0|325.0|350.8|375.6|400.7|425.5|450.6|475.4|500.5|525.3|550.3|575.9|600.2|625.0|650.1|675.6|700.7|725.5|750.6|775.6|800.5|803.0|
2.0|8.7|18.0|26.2|33.1|38.7|43.1|46.7|49.4|51.5|53.1|54.3|55.4|56.3|57.7|58.8|60.0|60.8|61.2|61.5|61.0|59.8|58.0|55.8|54.0|52.8|51.8|50.5|48.7|46.6|41.8|33.3|19.5|0.0|
Mezquitan|1012|
0.0|25.6|50.3|75.0|100.6|125.3|151.0|175.3|200.0|225.6|250.3|275.0|300.6|325.3|350.0|375.6|400.3|426.0|450.3|475.0|500.6|525.3|550.0|575.6|600.3|625.0|650.6|675.3|701.0|725.3|752.3|775.6|800.3|825.0|850.6|875.3|900.0|925.6|950.3|976.0|1000.3|1012.0|
2.0|8.7|18.5|26.5|33.0|38.9|44.2|46.0|49.7|52.5|55.5|58.3|60.8|63.3|64.9|66.2|67.1|67.8|68.3|68.6|69.0|69.4|69.2|69.0|67.5|64.9|60.5|54.6|48.6|44.3|41.5|40.8|40.9|40.9|40.9|40.9|40.9|40.8|37.7|29.9|19.6|0.0|
Refugio|829|
0.0|25.0|50.6|75.6|100.5|125.5|150.3|175.4|200.2|225.3|250.1|275.9|300.0|325.0|350.8|375.6|400.7|425.6|450.6|475.4|500.5|525.3|550.3|575.9|600.2|625.0|650.1|675.2|700.7|725.5|750.6|775.6|800.5|825.5|829.0|
2.0|8.6|16.9|24.5|31.3|36.5|41.5|45.4|47.8|49.3|49.6|49.7|49.9|49.6|48.9|48.2|48.6|48.9|49.2|49.6|50.0|50.2|50.3|50.5|50.5|50.0|49.2|47.5|46.1|42.9|40.2|35.3|28.4|10.8|0.0|
Juarez|880|
0.0|25.8|50.6|75.6|100.5|125.5|150.3|175.4|200.2|225.3|250.1|275.1|300.0|325.8|350.8|375.6|400.7|425.5|450.6|475.4|500.5|525.3|550.3|575.9|600.2|625.8|650.1|675.6|700.7|725.5|750.6|775.6|800.5|825.5|850.3|865.5|875.4|880.0|
2.0|8.9|18.4|26.2|32.8|37.4|41.6|44.5|49.0|51.7|54.3|56.7|59.2|61.2|63.1|65.0|66.6|68.0|68.9|69.9|70.6|71.0|70.8|70.7|70.4|69.9|69.4|67.9|65.4|61.9|57.1|51.3|45.4|39.6|31.9|25.9|20.2|0.0|
Mexicaltzing|694|
0.0|25.7|50.6|75.6|100.7|125.1|150.8|175.8|200.1|225.9|250.2|275.2|300.3|325.3|350.4|375.4|400.3|425.5|450.4|475.6|500.5|525.5|550.6|575.6|600.7|625.7|650.0|675.8|686.3|692.7|693.0|694.0|694.0|
2.0|9.0|18.0|26.4|33.1|38.5|43.5|46.9|50.4|53.4|55.9|58.1|60.4|62.2|64.0|65.0|65.9|65.6|64.7|63.0|60.8|57.2|53.8|50.8|47.2|42.5|35.4|24.5|17.4|12.3|7.2|3.0|0.0|
Washington|1004|
0.0|25.6|50.3|75.0|100.6|125.3|149.6|175.3|200.0|225.6|250.3|275.0|300.6|325.3|350.0|375.6|400.3|426.0|450.3|475.0|500.6|525.3|550.0|575.6|599.3|625.0|650.6|675.3|701.0|725.3|750.0|775.6|800.3|825.0|850.6|875.3|900.0|924.0|950.3|974.6|1000.3|1001.6|1002.6|1004.0|1004.0|
2.0|8.6|18.0|25.6|31.8|36.1|39.2|40.9|41.2|41.5|42.7|44.3|46.4|48.3|49.7|51.5|52.4|53.0|53.0|53.6|54.0|54.1|54.3|55.0|55.9|56.9|58.3|59.8|59.9|59.9|58.6|56.6|52.2|48.1|44.3|38.9|30.9|23.7|22.3|22.5|17.8|15.2|12.9|7.0|0.0|
StaFilomena|955|
0.0|25.0|50.9|75.2|100.2|125.0|150.1|175.2|200.2|225.3|250.4|275.4|300.5|325.6|350.4|375.4|400.5|425.6|450.6|475.7|500.8|525.9|550.6|575.7|600.8|625.9|650.9|675.2|700.2|725.0|750.9|775.2|800.2|825.3|850.4|875.4|900.5|925.3|950.4|951.5|925.3|954.0|955.0|955.0|955.0|
2.0|8.3|18.5|25.3|31.0|36.1|40.8|44.9|47.8|50.2|52.6|54.5|56.6|58.9|61.3|63.2|65.1|67.0|68.9|70.4|71.9|72.9|73.4|74.1|74.0|73.6|73.0|71.9|71.1|70.2|68.9|66.9|64.1|59.8|53.7|45.4|36.2|27.9|19.6|18.8|17.9|16.8|11.0|5.0|0.0|
UdDeportivo|591|
0.0|25.2|50.4|75.6|100.1|125.3|150.5|175.7|200.5|225.0|250.2|275.4|300.6|325.8|350.4|375.6|400.3|425.5|450.7|475.9|500.5|525.7|550.9|575.6|584.1|589.9|590.6|591.0|
2.0|8.7|18.3|26.4|33.1|39.0|43.7|47.8|50.9|53.6|55.8|57.9|59.4|60.9|61.3|61.3|60.3|57.7|52.8|47.7|41.5|35.5|30.8|25.5|22.3|18.3|16.0|0.0|
Urdaneta|702|
0.0|25.8|50.1|75.7|100.0|125.8|150.1|175.2|200.8|225.8|250.3|275.9|300.2|325.3|350.3|375.2|400.4|425.3|450.3|475.5|500.4|525.3|550.5|575.5|600.4|625.6|650.5|675.7|700.6|701.3|702.0|702.0|
2.0|8.9|17.8|23.7|28.0|32.8|37.5|41.8|45.4|48.5|51.0|53.5|55.3|57.0|58.5|59.2|59.3|58.1|56.1|52.6|48.6|43.9|38.8|33.6|28.2|24.4|23.9|24.8|20.2|19.5|10.0|0.0|
18deMarzo|694|
0.0|25.7|50.6|75.0|100.1|125.7|150.8|175.8|200.7|225.9|250.8|275.2|300.9|325.9|350.4|375.4|400.3|425.5|450.4|475.6|500.5|525.5|550.6|575.6|600.7|625.7|650.0|675.2|689.6|692.7|693.0|694.0|
2.0|8.9|18.3|26.1|32.5|38.0|42.9|46.8|50.3|53.1|56.1|58.4|60.9|63.0|64.8|66.5|67.7|68.5|69.3|69.4|68.6|66.8|62.5|56.7|49.6|41.1|33.6|25.9|19.1|16.8|14.7|0.0|
IslaRaza|806|
0.0|25.0|50.6|75.6|100.5|125.5|150.3|175.4|200.2|225.3|250.1|275.1|300.0|325.8|350.8|375.6|400.7|425.5|450.6|475.4|500.5|525.3|550.3|575.9|600.2|625.8|650.8|675.6|700.7|725.5|750.6|775.6|800.5|803.7|805.2|806.0|
2.0|9.1|17.2|20.6|22.4|26.2|31.0|35.6|40.0|44.0|47.3|50.3|52.4|54.4|56.5|58.1|59.4|60.6|62.1|63.5|64.2|64.9|65.5|65.2|64.3|62.9|60.6|57.4|52.5|46.5|39.4|32.1|22.0|19.2|17.0|0.0|
PatriaSur|747|
0.0|25.8|50.1|75.7|100.0|125.1|150.7|175.9|200.2|225.1|250.3|275.9|300.8|325.3|350.3|375.2|400.4|425.3|450.3|475.5|500.4|525.3|550.5|575.5|600.4|625.6|650.5|675.7|700.6|725.6|739.1|744.3|745.6|746.3|747.0|
2.0|9.1|17.8|25.9|32.3|37.7|42.5|46.0|49.0|51.6|53.6|55.6|57.2|58.0|59.1|59.7|61.0|61.1|61.8|62.5|63.5|64.2|64.6|64.0|62.1|58.5|52.9|45.3|36.5|27.4|22.5|19.5|17.9|15.9|0.0|
Espana|1072|
0.0|25.6|50.3|75.0|100.6|125.3|151.0|175.3|200.0|225.6|250.3|275.0|300.6|325.3|350.0|375.6|400.3|424.6|450.3|475.0|500.6|525.3|550.0|575.6|600.3|626.0|650.6|675.3|699.6|725.3|751.0|775.6|799.3|825.0|850.6|875.3|900.0|925.6|950.3|976.0|999.3|1025.0|1050.6|1059.3|1063.6|1068.0|1069.0|1070.0|1071.0|1072.0|
2.0|9.0|17.4|21.0|22.7|26.6|31.5|36.6|41.2|44.9|48.0|50.5|52.4|54.1|55.8|56.9|57.8|59.0|59.7|60.8|61.5|62.3|63.0|63.7|64.2|64.8|65.2|65.5|65.9|66.3|66.5|66.8|66.9|66.8|66.5|65.4|63.0|59.6|55.6|50.9|46.1|40.3|32.9|29.2|26.2|22.4|20.0|12.7|6.5|0.0|
Tesoro|898|
0.0|25.8|50.6|75.6|100.5|125.5|150.3|175.4|200.2|225.3|250.1|275.9|300.0|325.8|350.8|375.6|400.7|425.5|450.6|475.4|500.5|525.3|550.3|575.9|600.2|625.8|650.1|674.9|700.7|725.5|750.6|775.6|800.5|825.5|850.3|874.4|884.2|892.2|896.2|897.7|898.0|
2.0|7.5|3.9|12.4|19.0|24.8|29.9|35.6|41.2|46.0|50.4|54.0|57.5|60.4|63.3|65.0|66.3|66.7|66.2|64.8|62.2|58.5|55.2|52.7|50.6|48.7|47.3|44.0|40.4|35.8|30.6|24.8|16.0|12.2|13.1|13.7|13.6|12.5|11.1|9.6|0.0|


