PUMP1_AMP|BOMBA 1|amps|0|0|5|0.0|50.0|6400|32000|3|-12.50|0|0|0|0|0|0|0|0|0|
PUMP2_AMP|BOMBA 2|amps|0|0|4|0.0|50.0|6400|32000|3|-12.50|0|0|0|0|0|0|0|0|0|
PUMP3_AMP|BOMBA 3|amps|0|0|3|0.0|50.0|6400|32000|3|-12.50|0|0|0|0|0|0|0|0|0|
LEVEL|NIVEL|cm|0|0|2|500.0|0.0|6400|32000|4|-125.0|0|0|0|0|0|0|0|0|0|
#    Tag
#    Description
#    Engineering Units Label
#    Driver Number
#    Card
#    Channel
#    Engineering Units Low
#    Engineering Units High
#    Raw Value Low
#    Raw Value High
#    Decimal Places
#    Zero Cutoff
#    Alarm Low
#    Caution Low
#    Caution High
#    Alarm High
#    Alarm Deadband
#    Alarm Low Enable
#    Caution Low Enable
#    Caution High Enable
#    Alarm High Enable
AI_000|Analong Input 000|psi|0|0|0|0|10|0|100|3|-12.50|0|0|0|0|0|0|0|0|0|
AI_001|Analong Input 001|amps|0|0|1|0|10|0|100|3|-12.50|0|0|0|0|0|0|0|0|0|
AI_002|Analong Input 002|degC|0|0|2|0|10|0|100|3|-12.50|0|0|0|0|0|0|0|0|0|
AI_003|Analong Input 003|rpm|0|0|3|0|10|0|100|3|-12.50|0|0|0|0|0|0|0|0|0|
AI_004|Analong Input 004|psi|0|0|4|0|10|0|100|3|-12.50|0|0|0|0|0|0|0|0|0|
AI_005|Analong Input 005|amps|0|0|5|0|10|0|100|3|-12.50|0|0|0|0|0|0|0|0|0|
AI_006|Analong Input 006|degC|0|0|6|0|10|0|100|3|-12.50|0|0|0|0|0|0|0|0|0|
AI_007|Analong Input 007|rpm|0|0|7|0|10|0|100|3|-12.50|0|0|0|0|0|0|0|0|0|
AI_008|Analong Input 008|psi|0|0|8|0|10|0|100|3|-12.50|0|0|0|0|0|0|0|0|0|
AI_009|Analong Input 009|amps|0|0|9|0|10|0|100|3|-12.50|0|0|0|0|0|0|0|0|0|
AI_010|Analong Input 010|degC|0|0|10|0|10|0|100|3|-12.50|0|0|0|0|0|0|0|0|0|
AI_011|Analong Input 011|rpm|0|0|11|0|10|0|100|3|-12.50|0|0|0|0|0|0|0|0|0|
AI_012|Analong Input 012|psi|0|0|12|0|10|0|100|3|-12.50|0|0|0|0|0|0|0|0|0|
AI_013|Analong Input 013|amps|0|0|13|0|10|0|100|3|-12.50|0|0|0|0|0|0|0|0|0|
AI_014|Analong Input 014|degC|0|0|14|0|10|0|100|3|-12.50|0|0|0|0|0|0|0|0|0|
AI_015|Analong Input 015|rpm|0|0|15|0|10|0|100|3|-12.50|0|0|0|0|0|0|0|0|0|
AI_016|Analong Input 016|psi|0|0|16|0|10|0|100|3|-12.50|0|0|0|0|0|0|0|0|0|
AI_017|Analong Input 017|amps|0|0|17|0|10|0|100|3|-12.50|0|0|0|0|0|0|0|0|0|
AI_018|Analong Input 018|degC|0|0|18|0|10|0|100|3|-12.50|0|0|0|0|0|0|0|0|0|
AI_019|Analong Input 019|rpm|0|0|19|0|10|0|100|3|-12.50|0|0|0|0|0|0|0|0|0|
AI_020|Analong Input 020|psi|0|0|20|0|10|0|100|3|-12.50|0|0|0|0|0|0|0|0|0|
AI_021|Analong Input 021|amps|0|0|21|0|10|0|100|3|-12.50|0|0|0|0|0|0|0|0|0|
AI_022|Analong Input 022|degC|0|0|22|0|10|0|100|3|-12.50|0|0|0|0|0|0|0|0|0|
AI_023|Analong Input 023|rpm|0|0|23|0|10|0|100|3|-12.50|0|0|0|0|0|0|0|0|0|
AI_024|Analong Input 024|psi|0|0|24|0|10|0|100|3|-12.50|0|0|0|0|0|0|0|0|0|
AI_025|Analong Input 025|amps|0|0|25|0|10|0|100|3|-12.50|0|0|0|0|0|0|0|0|0|
AI_026|Analong Input 026|degC|0|0|26|0|10|0|100|3|-12.50|0|0|0|0|0|0|0|0|0|
AI_027|Analong Input 027|rpm|0|0|27|0|10|0|100|3|-12.50|0|0|0|0|0|0|0|0|0|
AI_028|Analong Input 028|psi|0|0|28|0|10|0|100|3|-12.50|0|0|0|0|0|0|0|0|0|
AI_029|Analong Input 029|amps|0|0|29|0|10|0|100|3|-12.50|0|0|0|0|0|0|0|0|0|
AI_030|Analong Input 030|degC|0|0|30|0|10|0|100|3|-12.50|0|0|0|0|0|0|0|0|0|
AI_031|Analong Input 031|rpm|0|0|31|0|10|0|100|3|-12.50|0|0|0|0|0|0|0|0|0|
AI_032|Analong Input 032|psi|0|0|32|0|10|0|100|3|-12.50|0|0|0|0|0|0|0|0|0|
AI_033|Analong Input 033|amps|0|0|33|0|10|0|100|3|-12.50|0|0|0|0|0|0|0|0|0|
AI_034|Analong Input 034|degC|0|0|34|0|10|0|100|3|-12.50|0|0|0|0|0|0|0|0|0|
AI_035|Analong Input 035|rpm|0|0|35|0|10|0|100|3|-12.50|0|0|0|0|0|0|0|0|0|
AI_036|Analong Input 036|psi|0|0|36|0|10|0|100|3|-12.50|0|0|0|0|0|0|0|0|0|
AI_037|Analong Input 037|amps|0|0|37|0|10|0|100|3|-12.50|0|0|0|0|0|0|0|0|0|
AI_038|Analong Input 038|degC|0|0|38|0|10|0|100|3|-12.50|0|0|0|0|0|0|0|0|0|
AI_039|Analong Input 039|rpm|0|0|39|0|10|0|100|3|-12.50|0|0|0|0|0|0|0|0|0|
AI_040|Analong Input 040|psi|0|0|40|0|10|0|100|3|-12.50|0|0|0|0|0|0|0|0|0|
AI_041|Analong Input 041|amps|0|0|41|0|10|0|100|3|-12.50|0|0|0|0|0|0|0|0|0|
AI_042|Analong Input 042|degC|0|0|42|0|10|0|100|3|-12.50|0|0|0|0|0|0|0|0|0|
AI_043|Analong Input 043|rpm|0|0|43|0|10|0|100|3|-12.50|0|0|0|0|0|0|0|0|0|
AI_044|Analong Input 044|psi|0|0|44|0|10|0|100|3|-12.50|0|0|0|0|0|0|0|0|0|
AI_045|Analong Input 045|amps|0|0|45|0|10|0|100|3|-12.50|0|0|0|0|0|0|0|0|0|
AI_046|Analong Input 046|degC|0|0|46|0|10|0|100|3|-12.50|0|0|0|0|0|0|0|0|0|
AI_047|Analong Input 047|rpm|0|0|47|0|10|0|100|3|-12.50|0|0|0|0|0|0|0|0|0|
AI_048|Analong Input 048|psi|0|0|48|0|10|0|100|3|-12.50|0|0|0|0|0|0|0|0|0|
AI_049|Analong Input 049|amps|0|0|49|0|10|0|100|3|-12.50|0|0|0|0|0|0|0|0|0|
AI_050|Analong Input 050|degC|0|0|50|0|10|0|100|3|-12.50|0|0|0|0|0|0|0|0|0|
AI_051|Analong Input 051|rpm|0|0|51|0|10|0|100|3|-12.50|0|0|0|0|0|0|0|0|0|
AI_052|Analong Input 052|psi|0|0|52|0|10|0|100|3|-12.50|0|0|0|0|0|0|0|0|0|
AI_053|Analong Input 053|amps|0|0|53|0|10|0|100|3|-12.50|0|0|0|0|0|0|0|0|0|
AI_054|Analong Input 054|degC|0|0|54|0|10|0|100|3|-12.50|0|0|0|0|0|0|0|0|0|
AI_055|Analong Input 055|rpm|0|0|55|0|10|0|100|3|-12.50|0|0|0|0|0|0|0|0|0|
AI_056|Analong Input 056|psi|0|0|56|0|10|0|100|3|-12.50|0|0|0|0|0|0|0|0|0|
AI_057|Analong Input 057|amps|0|0|57|0|10|0|100|3|-12.50|0|0|0|0|0|0|0|0|0|
AI_058|Analong Input 058|degC|0|0|58|0|10|0|100|3|-12.50|0|0|0|0|0|0|0|0|0|
AI_059|Analong Input 059|rpm|0|0|59|0|10|0|100|3|-12.50|0|0|0|0|0|0|0|0|0|
AI_060|Analong Input 060|psi|0|0|60|0|10|0|100|3|-12.50|0|0|0|0|0|0|0|0|0|
AI_061|Analong Input 061|amps|0|0|61|0|10|0|100|3|-12.50|0|0|0|0|0|0|0|0|0|
AI_062|Analong Input 062|degC|0|0|62|0|10|0|100|3|-12.50|0|0|0|0|0|0|0|0|0|
AI_063|Analong Input 063|rpm|0|0|63|0|10|0|100|3|-12.50|0|0|0|0|0|0|0|0|0|
AI_064|Analong Input 064|psi|0|0|64|0|10|0|100|3|-12.50|0|0|0|0|0|0|0|0|0|
AI_065|Analong Input 065|amps|0|0|65|0|10|0|100|3|-12.50|0|0|0|0|0|0|0|0|0|
AI_066|Analong Input 066|degC|0|0|66|0|10|0|100|3|-12.50|0|0|0|0|0|0|0|0|0|
AI_067|Analong Input 067|rpm|0|0|67|0|10|0|100|3|-12.50|0|0|0|0|0|0|0|0|0|
AI_068|Analong Input 068|psi|0|0|68|0|10|0|100|3|-12.50|0|0|0|0|0|0|0|0|0|
AI_069|Analong Input 069|amps|0|0|69|0|10|0|100|3|-12.50|0|0|0|0|0|0|0|0|0|
AI_070|Analong Input 070|degC|0|0|70|0|10|0|100|3|-12.50|0|0|0|0|0|0|0|0|0|
AI_071|Analong Input 071|rpm|0|0|71|0|10|0|100|3|-12.50|0|0|0|0|0|0|0|0|0|
AI_072|Analong Input 072|psi|0|0|72|0|10|0|100|3|-12.50|0|0|0|0|0|0|0|0|0|
AI_073|Analong Input 073|amps|0|0|73|0|10|0|100|3|-12.50|0|0|0|0|0|0|0|0|0|
AI_074|Analong Input 074|degC|0|0|74|0|10|0|100|3|-12.50|0|0|0|0|0|0|0|0|0|
AI_075|Analong Input 075|rpm|0|0|75|0|10|0|100|3|-12.50|0|0|0|0|0|0|0|0|0|
AI_076|Analong Input 076|psi|0|0|76|0|10|0|100|3|-12.50|0|0|0|0|0|0|0|0|0|
AI_077|Analong Input 077|amps|0|0|77|0|10|0|100|3|-12.50|0|0|0|0|0|0|0|0|0|
AI_078|Analong Input 078|degC|0|0|78|0|10|0|100|3|-12.50|0|0|0|0|0|0|0|0|0|
AI_079|Analong Input 079|rpm|0|0|79|0|10|0|100|3|-12.50|0|0|0|0|0|0|0|0|0|
AI_080|Analong Input 080|psi|0|0|80|0|10|0|100|3|-12.50|0|0|0|0|0|0|0|0|0|
AI_081|Analong Input 081|amps|0|0|81|0|10|0|100|3|-12.50|0|0|0|0|0|0|0|0|0|
AI_082|Analong Input 082|degC|0|0|82|0|10|0|100|3|-12.50|0|0|0|0|0|0|0|0|0|
AI_083|Analong Input 083|rpm|0|0|83|0|10|0|100|3|-12.50|0|0|0|0|0|0|0|0|0|
AI_084|Analong Input 084|psi|0|0|84|0|10|0|100|3|-12.50|0|0|0|0|0|0|0|0|0|
AI_085|Analong Input 085|amps|0|0|85|0|10|0|100|3|-12.50|0|0|0|0|0|0|0|0|0|
AI_086|Analong Input 086|degC|0|0|86|0|10|0|100|3|-12.50|0|0|0|0|0|0|0|0|0|
AI_087|Analong Input 087|rpm|0|0|87|0|10|0|100|3|-12.50|0|0|0|0|0|0|0|0|0|
AI_088|Analong Input 088|psi|0|0|88|0|10|0|100|3|-12.50|0|0|0|0|0|0|0|0|0|
AI_089|Analong Input 089|amps|0|0|89|0|10|0|100|3|-12.50|0|0|0|0|0|0|0|0|0|
AI_090|Analong Input 090|degC|0|0|90|0|10|0|100|3|-12.50|0|0|0|0|0|0|0|0|0|
AI_091|Analong Input 091|rpm|0|0|91|0|10|0|100|3|-12.50|0|0|0|0|0|0|0|0|0|
AI_092|Analong Input 092|psi|0|0|92|0|10|0|100|3|-12.50|0|0|0|0|0|0|0|0|0|
AI_093|Analong Input 093|amps|0|0|93|0|10|0|100|3|-12.50|0|0|0|0|0|0|0|0|0|
AI_094|Analong Input 094|degC|0|0|94|0|10|0|100|3|-12.50|0|0|0|0|0|0|0|0|0|
AI_095|Analong Input 095|rpm|0|0|95|0|10|0|100|3|-12.50|0|0|0|0|0|0|0|0|0|
AI_096|Analong Input 096|psi|0|0|96|0|10|0|100|3|-12.50|0|0|0|0|0|0|0|0|0|
AI_097|Analong Input 097|amps|0|0|97|0|10|0|100|3|-12.50|0|0|0|0|0|0|0|0|0|
AI_098|Analong Input 098|degC|0|0|98|0|10|0|100|3|-12.50|0|0|0|0|0|0|0|0|0|
AI_099|Analong Input 099|rpm|0|0|99|0|10|0|100|3|-12.50|0|0|0|0|0|0|0|0|0|
AI_100|Analong Input 100|psi|0|0|100|0|10|0|100|3|-12.50|0|0|0|0|0|0|0|0|0|
AI_101|Analong Input 101|amps|0|0|101|0|10|0|100|3|-12.50|0|0|0|0|0|0|0|0|0|
AI_102|Analong Input 102|degC|0|0|102|0|10|0|100|3|-12.50|0|0|0|0|0|0|0|0|0|
AI_103|Analong Input 103|rpm|0|0|103|0|10|0|100|3|-12.50|0|0|0|0|0|0|0|0|0|
AI_104|Analong Input 104|psi|0|0|104|0|10|0|100|3|-12.50|0|0|0|0|0|0|0|0|0|
AI_105|Analong Input 105|amps|0|0|105|0|10|0|100|3|-12.50|0|0|0|0|0|0|0|0|0|
AI_106|Analong Input 106|degC|0|0|106|0|10|0|100|3|-12.50|0|0|0|0|0|0|0|0|0|
AI_107|Analong Input 107|rpm|0|0|107|0|10|0|100|3|-12.50|0|0|0|0|0|0|0|0|0|
AI_108|Analong Input 108|psi|0|0|108|0|10|0|100|3|-12.50|0|0|0|0|0|0|0|0|0|
AI_109|Analong Input 109|amps|0|0|109|0|10|0|100|3|-12.50|0|0|0|0|0|0|0|0|0|
AI_110|Analong Input 110|degC|0|0|110|0|10|0|100|3|-12.50|0|0|0|0|0|0|0|0|0|
AI_111|Analong Input 111|rpm|0|0|111|0|10|0|100|3|-12.50|0|0|0|0|0|0|0|0|0|
AI_112|Analong Input 112|psi|0|0|112|0|10|0|100|3|-12.50|0|0|0|0|0|0|0|0|0|
AI_113|Analong Input 113|amps|0|0|113|0|10|0|100|3|-12.50|0|0|0|0|0|0|0|0|0|
AI_114|Analong Input 114|degC|0|0|114|0|10|0|100|3|-12.50|0|0|0|0|0|0|0|0|0|
AI_115|Analong Input 115|rpm|0|0|115|0|10|0|100|3|-12.50|0|0|0|0|0|0|0|0|0|
AI_116|Analong Input 116|psi|0|0|116|0|10|0|100|3|-12.50|0|0|0|0|0|0|0|0|0|
AI_117|Analong Input 117|amps|0|0|117|0|10|0|100|3|-12.50|0|0|0|0|0|0|0|0|0|
AI_118|Analong Input 118|degC|0|0|118|0|10|0|100|3|-12.50|0|0|0|0|0|0|0|0|0|
AI_119|Analong Input 119|rpm|0|0|119|0|10|0|100|3|-12.50|0|0|0|0|0|0|0|0|0|
AI_120|Analong Input 120|psi|0|0|120|0|10|0|100|3|-12.50|0|0|0|0|0|0|0|0|0|
AI_121|Analong Input 121|amps|0|0|121|0|10|0|100|3|-12.50|0|0|0|0|0|0|0|0|0|
AI_122|Analong Input 122|degC|0|0|122|0|10|0|100|3|-12.50|0|0|0|0|0|0|0|0|0|
AI_123|Analong Input 123|rpm|0|0|123|0|10|0|100|3|-12.50|0|0|0|0|0|0|0|0|0|
AI_124|Analong Input 124|psi|0|0|124|0|10|0|100|3|-12.50|0|0|0|0|0|0|0|0|0|
AI_125|Analong Input 125|amps|0|0|125|0|10|0|100|3|-12.50|0|0|0|0|0|0|0|0|0|
AI_126|Analong Input 126|degC|0|0|126|0|10|0|100|3|-12.50|0|0|0|0|0|0|0|0|0|
AI_127|Analong Input 127|rpm|0|0|127|0|10|0|100|3|-12.50|0|0|0|0|0|0|0|0|0|
AI_128|Analong Input 128|psi|0|0|128|0|10|0|100|3|-12.50|0|0|0|0|0|0|0|0|0|
AI_129|Analong Input 129|amps|0|0|129|0|10|0|100|3|-12.50|0|0|0|0|0|0|0|0|0|
AI_130|Analong Input 130|degC|0|0|130|0|10|0|100|3|-12.50|0|0|0|0|0|0|0|0|0|
AI_131|Analong Input 131|rpm|0|0|131|0|10|0|100|3|-12.50|0|0|0|0|0|0|0|0|0|
AI_132|Analong Input 132|psi|0|0|132|0|10|0|100|3|-12.50|0|0|0|0|0|0|0|0|0|
AI_133|Analong Input 133|amps|0|0|133|0|10|0|100|3|-12.50|0|0|0|0|0|0|0|0|0|
AI_134|Analong Input 134|degC|0|0|134|0|10|0|100|3|-12.50|0|0|0|0|0|0|0|0|0|
AI_135|Analong Input 135|rpm|0|0|135|0|10|0|100|3|-12.50|0|0|0|0|0|0|0|0|0|
AI_136|Analong Input 136|psi|0|0|136|0|10|0|100|3|-12.50|0|0|0|0|0|0|0|0|0|
AI_137|Analong Input 137|amps|0|0|137|0|10|0|100|3|-12.50|0|0|0|0|0|0|0|0|0|
AI_138|Analong Input 138|degC|0|0|138|0|10|0|100|3|-12.50|0|0|0|0|0|0|0|0|0|
AI_139|Analong Input 139|rpm|0|0|139|0|10|0|100|3|-12.50|0|0|0|0|0|0|0|0|0|
AI_140|Analong Input 140|psi|0|0|140|0|10|0|100|3|-12.50|0|0|0|0|0|0|0|0|0|
AI_141|Analong Input 141|amps|0|0|141|0|10|0|100|3|-12.50|0|0|0|0|0|0|0|0|0|
AI_142|Analong Input 142|degC|0|0|142|0|10|0|100|3|-12.50|0|0|0|0|0|0|0|0|0|
AI_143|Analong Input 143|rpm|0|0|143|0|10|0|100|3|-12.50|0|0|0|0|0|0|0|0|0|
AI_144|Analong Input 144|psi|0|0|144|0|10|0|100|3|-12.50|0|0|0|0|0|0|0|0|0|
AI_145|Analong Input 145|amps|0|0|145|0|10|0|100|3|-12.50|0|0|0|0|0|0|0|0|0|
AI_146|Analong Input 146|degC|0|0|146|0|10|0|100|3|-12.50|0|0|0|0|0|0|0|0|0|
AI_147|Analong Input 147|rpm|0|0|147|0|10|0|100|3|-12.50|0|0|0|0|0|0|0|0|0|
AI_148|Analong Input 148|psi|0|0|148|0|10|0|100|3|-12.50|0|0|0|0|0|0|0|0|0|
AI_149|Analong Input 149|amps|0|0|149|0|10|0|100|3|-12.50|0|0|0|0|0|0|0|0|0|
AI_150|Analong Input 150|degC|0|0|150|0|10|0|100|3|-12.50|0|0|0|0|0|0|0|0|0|
AI_151|Analong Input 151|rpm|0|0|151|0|10|0|100|3|-12.50|0|0|0|0|0|0|0|0|0|
AI_152|Analong Input 152|psi|0|0|152|0|10|0|100|3|-12.50|0|0|0|0|0|0|0|0|0|
AI_153|Analong Input 153|amps|0|0|153|0|10|0|100|3|-12.50|0|0|0|0|0|0|0|0|0|
AI_154|Analong Input 154|degC|0|0|154|0|10|0|100|3|-12.50|0|0|0|0|0|0|0|0|0|
AI_155|Analong Input 155|rpm|0|0|155|0|10|0|100|3|-12.50|0|0|0|0|0|0|0|0|0|
AI_156|Analong Input 156|psi|0|0|156|0|10|0|100|3|-12.50|0|0|0|0|0|0|0|0|0|
AI_157|Analong Input 157|amps|0|0|157|0|10|0|100|3|-12.50|0|0|0|0|0|0|0|0|0|
AI_158|Analong Input 158|degC|0|0|158|0|10|0|100|3|-12.50|0|0|0|0|0|0|0|0|0|
AI_159|Analong Input 159|rpm|0|0|159|0|10|0|100|3|-12.50|0|0|0|0|0|0|0|0|0|
AI_160|Analong Input 160|psi|0|0|160|0|10|0|100|3|-12.50|0|0|0|0|0|0|0|0|0|
AI_161|Analong Input 161|amps|0|0|161|0|10|0|100|3|-12.50|0|0|0|0|0|0|0|0|0|
AI_162|Analong Input 162|degC|0|0|162|0|10|0|100|3|-12.50|0|0|0|0|0|0|0|0|0|
AI_163|Analong Input 163|rpm|0|0|163|0|10|0|100|3|-12.50|0|0|0|0|0|0|0|0|0|
AI_164|Analong Input 164|psi|0|0|164|0|10|0|100|3|-12.50|0|0|0|0|0|0|0|0|0|
AI_165|Analong Input 165|amps|0|0|165|0|10|0|100|3|-12.50|0|0|0|0|0|0|0|0|0|
AI_166|Analong Input 166|degC|0|0|166|0|10|0|100|3|-12.50|0|0|0|0|0|0|0|0|0|
AI_167|Analong Input 167|rpm|0|0|167|0|10|0|100|3|-12.50|0|0|0|0|0|0|0|0|0|
AI_168|Analong Input 168|psi|0|0|168|0|10|0|100|3|-12.50|0|0|0|0|0|0|0|0|0|
AI_169|Analong Input 169|amps|0|0|169|0|10|0|100|3|-12.50|0|0|0|0|0|0|0|0|0|
AI_170|Analong Input 170|degC|0|0|170|0|10|0|100|3|-12.50|0|0|0|0|0|0|0|0|0|
AI_171|Analong Input 171|rpm|0|0|171|0|10|0|100|3|-12.50|0|0|0|0|0|0|0|0|0|
AI_172|Analong Input 172|psi|0|0|172|0|10|0|100|3|-12.50|0|0|0|0|0|0|0|0|0|
AI_173|Analong Input 173|amps|0|0|173|0|10|0|100|3|-12.50|0|0|0|0|0|0|0|0|0|
AI_174|Analong Input 174|degC|0|0|174|0|10|0|100|3|-12.50|0|0|0|0|0|0|0|0|0|
AI_175|Analong Input 175|rpm|0|0|175|0|10|0|100|3|-12.50|0|0|0|0|0|0|0|0|0|
AI_176|Analong Input 176|psi|0|0|176|0|10|0|100|3|-12.50|0|0|0|0|0|0|0|0|0|
AI_177|Analong Input 177|amps|0|0|177|0|10|0|100|3|-12.50|0|0|0|0|0|0|0|0|0|
AI_178|Analong Input 178|degC|0|0|178|0|10|0|100|3|-12.50|0|0|0|0|0|0|0|0|0|
AI_179|Analong Input 179|rpm|0|0|179|0|10|0|100|3|-12.50|0|0|0|0|0|0|0|0|0|
AI_180|Analong Input 180|psi|0|0|180|0|10|0|100|3|-12.50|0|0|0|0|0|0|0|0|0|
AI_181|Analong Input 181|amps|0|0|181|0|10|0|100|3|-12.50|0|0|0|0|0|0|0|0|0|
AI_182|Analong Input 182|degC|0|0|182|0|10|0|100|3|-12.50|0|0|0|0|0|0|0|0|0|
AI_183|Analong Input 183|rpm|0|0|183|0|10|0|100|3|-12.50|0|0|0|0|0|0|0|0|0|
AI_184|Analong Input 184|psi|0|0|184|0|10|0|100|3|-12.50|0|0|0|0|0|0|0|0|0|
AI_185|Analong Input 185|amps|0|0|185|0|10|0|100|3|-12.50|0|0|0|0|0|0|0|0|0|
AI_186|Analong Input 186|degC|0|0|186|0|10|0|100|3|-12.50|0|0|0|0|0|0|0|0|0|
AI_187|Analong Input 187|rpm|0|0|187|0|10|0|100|3|-12.50|0|0|0|0|0|0|0|0|0|
AI_188|Analong Input 188|psi|0|0|188|0|10|0|100|3|-12.50|0|0|0|0|0|0|0|0|0|
AI_189|Analong Input 189|amps|0|0|189|0|10|0|100|3|-12.50|0|0|0|0|0|0|0|0|0|
AI_190|Analong Input 190|degC|0|0|190|0|10|0|100|3|-12.50|0|0|0|0|0|0|0|0|0|
AI_191|Analong Input 191|rpm|0|0|191|0|10|0|100|3|-12.50|0|0|0|0|0|0|0|0|0|
AI_192|Analong Input 192|psi|0|0|192|0|10|0|100|3|-12.50|0|0|0|0|0|0|0|0|0|
AI_193|Analong Input 193|amps|0|0|193|0|10|0|100|3|-12.50|0|0|0|0|0|0|0|0|0|
AI_194|Analong Input 194|degC|0|0|194|0|10|0|100|3|-12.50|0|0|0|0|0|0|0|0|0|
AI_195|Analong Input 195|rpm|0|0|195|0|10|0|100|3|-12.50|0|0|0|0|0|0|0|0|0|
AI_196|Analong Input 196|psi|0|0|196|0|10|0|100|3|-12.50|0|0|0|0|0|0|0|0|0|
AI_197|Analong Input 197|amps|0|0|197|0|10|0|100|3|-12.50|0|0|0|0|0|0|0|0|0|
AI_198|Analong Input 198|degC|0|0|198|0|10|0|100|3|-12.50|0|0|0|0|0|0|0|0|0|
AI_199|Analong Input 199|rpm|0|0|199|0|10|0|100|3|-12.50|0|0|0|0|0|0|0|0|0|
AI_200|Analong Input 200|psi|0|0|200|0|10|0|100|3|-12.50|0|0|0|0|0|0|0|0|0|
AI_201|Analong Input 201|amps|0|0|201|0|10|0|100|3|-12.50|0|0|0|0|0|0|0|0|0|
AI_202|Analong Input 202|degC|0|0|202|0|10|0|100|3|-12.50|0|0|0|0|0|0|0|0|0|
AI_203|Analong Input 203|rpm|0|0|203|0|10|0|100|3|-12.50|0|0|0|0|0|0|0|0|0|
AI_204|Analong Input 204|psi|0|0|204|0|10|0|100|3|-12.50|0|0|0|0|0|0|0|0|0|
AI_205|Analong Input 205|amps|0|0|205|0|10|0|100|3|-12.50|0|0|0|0|0|0|0|0|0|
AI_206|Analong Input 206|degC|0|0|206|0|10|0|100|3|-12.50|0|0|0|0|0|0|0|0|0|
AI_207|Analong Input 207|rpm|0|0|207|0|10|0|100|3|-12.50|0|0|0|0|0|0|0|0|0|
AI_208|Analong Input 208|psi|0|0|208|0|10|0|100|3|-12.50|0|0|0|0|0|0|0|0|0|
AI_209|Analong Input 209|amps|0|0|209|0|10|0|100|3|-12.50|0|0|0|0|0|0|0|0|0|
AI_210|Analong Input 210|degC|0|0|210|0|10|0|100|3|-12.50|0|0|0|0|0|0|0|0|0|
AI_211|Analong Input 211|rpm|0|0|211|0|10|0|100|3|-12.50|0|0|0|0|0|0|0|0|0|
AI_212|Analong Input 212|psi|0|0|212|0|10|0|100|3|-12.50|0|0|0|0|0|0|0|0|0|
AI_213|Analong Input 213|amps|0|0|213|0|10|0|100|3|-12.50|0|0|0|0|0|0|0|0|0|
AI_214|Analong Input 214|degC|0|0|214|0|10|0|100|3|-12.50|0|0|0|0|0|0|0|0|0|
AI_215|Analong Input 215|rpm|0|0|215|0|10|0|100|3|-12.50|0|0|0|0|0|0|0|0|0|
AI_216|Analong Input 216|psi|0|0|216|0|10|0|100|3|-12.50|0|0|0|0|0|0|0|0|0|
AI_217|Analong Input 217|amps|0|0|217|0|10|0|100|3|-12.50|0|0|0|0|0|0|0|0|0|
AI_218|Analong Input 218|degC|0|0|218|0|10|0|100|3|-12.50|0|0|0|0|0|0|0|0|0|
AI_219|Analong Input 219|rpm|0|0|219|0|10|0|100|3|-12.50|0|0|0|0|0|0|0|0|0|
AI_220|Analong Input 220|psi|0|0|220|0|10|0|100|3|-12.50|0|0|0|0|0|0|0|0|0|
AI_221|Analong Input 221|amps|0|0|221|0|10|0|100|3|-12.50|0|0|0|0|0|0|0|0|0|
AI_222|Analong Input 222|degC|0|0|222|0|10|0|100|3|-12.50|0|0|0|0|0|0|0|0|0|
AI_223|Analong Input 223|rpm|0|0|223|0|10|0|100|3|-12.50|0|0|0|0|0|0|0|0|0|
AI_224|Analong Input 224|psi|0|0|224|0|10|0|100|3|-12.50|0|0|0|0|0|0|0|0|0|
AI_225|Analong Input 225|amps|0|0|225|0|10|0|100|3|-12.50|0|0|0|0|0|0|0|0|0|
AI_226|Analong Input 226|degC|0|0|226|0|10|0|100|3|-12.50|0|0|0|0|0|0|0|0|0|
AI_227|Analong Input 227|rpm|0|0|227|0|10|0|100|3|-12.50|0|0|0|0|0|0|0|0|0|
AI_228|Analong Input 228|psi|0|0|228|0|10|0|100|3|-12.50|0|0|0|0|0|0|0|0|0|
AI_229|Analong Input 229|amps|0|0|229|0|10|0|100|3|-12.50|0|0|0|0|0|0|0|0|0|
AI_230|Analong Input 230|degC|0|0|230|0|10|0|100|3|-12.50|0|0|0|0|0|0|0|0|0|
AI_231|Analong Input 231|rpm|0|0|231|0|10|0|100|3|-12.50|0|0|0|0|0|0|0|0|0|
AI_232|Analong Input 232|psi|0|0|232|0|10|0|100|3|-12.50|0|0|0|0|0|0|0|0|0|
AI_233|Analong Input 233|amps|0|0|233|0|10|0|100|3|-12.50|0|0|0|0|0|0|0|0|0|
AI_234|Analong Input 234|degC|0|0|234|0|10|0|100|3|-12.50|0|0|0|0|0|0|0|0|0|
AI_235|Analong Input 235|rpm|0|0|235|0|10|0|100|3|-12.50|0|0|0|0|0|0|0|0|0|
AI_236|Analong Input 236|psi|0|0|236|0|10|0|100|3|-12.50|0|0|0|0|0|0|0|0|0|
AI_237|Analong Input 237|amps|0|0|237|0|10|0|100|3|-12.50|0|0|0|0|0|0|0|0|0|
AI_238|Analong Input 238|degC|0|0|238|0|10|0|100|3|-12.50|0|0|0|0|0|0|0|0|0|
AI_239|Analong Input 239|rpm|0|0|239|0|10|0|100|3|-12.50|0|0|0|0|0|0|0|0|0|
AI_240|Analong Input 240|psi|0|0|240|0|10|0|100|3|-12.50|0|0|0|0|0|0|0|0|0|
AI_241|Analong Input 241|amps|0|0|241|0|10|0|100|3|-12.50|0|0|0|0|0|0|0|0|0|
AI_242|Analong Input 242|degC|0|0|242|0|10|0|100|3|-12.50|0|0|0|0|0|0|0|0|0|
AI_243|Analong Input 243|rpm|0|0|243|0|10|0|100|3|-12.50|0|0|0|0|0|0|0|0|0|
AI_244|Analong Input 244|psi|0|0|244|0|10|0|100|3|-12.50|0|0|0|0|0|0|0|0|0|
AI_245|Analong Input 245|amps|0|0|245|0|10|0|100|3|-12.50|0|0|0|0|0|0|0|0|0|
AI_246|Analong Input 246|degC|0|0|246|0|10|0|100|3|-12.50|0|0|0|0|0|0|0|0|0|
AI_247|Analong Input 247|rpm|0|0|247|0|10|0|100|3|-12.50|0|0|0|0|0|0|0|0|0|
AI_248|Analong Input 248|psi|0|0|248|0|10|0|100|3|-12.50|0|0|0|0|0|0|0|0|0|
AI_249|Analong Input 249|amps|0|0|249|0|10|0|100|3|-12.50|0|0|0|0|0|0|0|0|0|
AI_250|Analong Input 250|degC|0|0|250|0|10|0|100|3|-12.50|0|0|0|0|0|0|0|0|0|
AI_251|Analong Input 251|rpm|0|0|251|0|10|0|100|3|-12.50|0|0|0|0|0|0|0|0|0|
AI_252|Analong Input 252|psi|0|0|252|0|10|0|100|3|-12.50|0|0|0|0|0|0|0|0|0|
AI_253|Analong Input 253|amps|0|0|253|0|10|0|100|3|-12.50|0|0|0|0|0|0|0|0|0|
AI_254|Analong Input 254|degC|0|0|254|0|10|0|100|3|-12.50|0|0|0|0|0|0|0|0|0|
AI_255|Analong Input 255|rpm|0|0|255|0|10|0|100|3|-12.50|0|0|0|0|0|0|0|0|0|
AI_256|Analong Input 256|psi|0|0|256|0|10|0|100|3|-12.50|0|0|0|0|0|0|0|0|0|
AI_257|Analong Input 257|amps|0|0|257|0|10|0|100|3|-12.50|0|0|0|0|0|0|0|0|0|
AI_258|Analong Input 258|degC|0|0|258|0|10|0|100|3|-12.50|0|0|0|0|0|0|0|0|0|
AI_259|Analong Input 259|rpm|0|0|259|0|10|0|100|3|-12.50|0|0|0|0|0|0|0|0|0|
AI_260|Analong Input 260|psi|0|0|260|0|10|0|100|3|-12.50|0|0|0|0|0|0|0|0|0|
AI_261|Analong Input 261|amps|0|0|261|0|10|0|100|3|-12.50|0|0|0|0|0|0|0|0|0|
AI_262|Analong Input 262|degC|0|0|262|0|10|0|100|3|-12.50|0|0|0|0|0|0|0|0|0|
AI_263|Analong Input 263|rpm|0|0|263|0|10|0|100|3|-12.50|0|0|0|0|0|0|0|0|0|
AI_264|Analong Input 264|psi|0|0|264|0|10|0|100|3|-12.50|0|0|0|0|0|0|0|0|0|
AI_265|Analong Input 265|amps|0|0|265|0|10|0|100|3|-12.50|0|0|0|0|0|0|0|0|0|
AI_266|Analong Input 266|degC|0|0|266|0|10|0|100|3|-12.50|0|0|0|0|0|0|0|0|0|
AI_267|Analong Input 267|rpm|0|0|267|0|10|0|100|3|-12.50|0|0|0|0|0|0|0|0|0|
AI_268|Analong Input 268|psi|0|0|268|0|10|0|100|3|-12.50|0|0|0|0|0|0|0|0|0|
AI_269|Analong Input 269|amps|0|0|269|0|10|0|100|3|-12.50|0|0|0|0|0|0|0|0|0|
AI_270|Analong Input 270|degC|0|0|270|0|10|0|100|3|-12.50|0|0|0|0|0|0|0|0|0|
AI_271|Analong Input 271|rpm|0|0|271|0|10|0|100|3|-12.50|0|0|0|0|0|0|0|0|0|
AI_272|Analong Input 272|psi|0|0|272|0|10|0|100|3|-12.50|0|0|0|0|0|0|0|0|0|
AI_273|Analong Input 273|amps|0|0|273|0|10|0|100|3|-12.50|0|0|0|0|0|0|0|0|0|
AI_274|Analong Input 274|degC|0|0|274|0|10|0|100|3|-12.50|0|0|0|0|0|0|0|0|0|
AI_275|Analong Input 275|rpm|0|0|275|0|10|0|100|3|-12.50|0|0|0|0|0|0|0|0|0|
AI_276|Analong Input 276|psi|0|0|276|0|10|0|100|3|-12.50|0|0|0|0|0|0|0|0|0|
AI_277|Analong Input 277|amps|0|0|277|0|10|0|100|3|-12.50|0|0|0|0|0|0|0|0|0|
AI_278|Analong Input 278|degC|0|0|278|0|10|0|100|3|-12.50|0|0|0|0|0|0|0|0|0|
AI_279|Analong Input 279|rpm|0|0|279|0|10|0|100|3|-12.50|0|0|0|0|0|0|0|0|0|
AI_280|Analong Input 280|psi|0|0|280|0|10|0|100|3|-12.50|0|0|0|0|0|0|0|0|0|
AI_281|Analong Input 281|amps|0|0|281|0|10|0|100|3|-12.50|0|0|0|0|0|0|0|0|0|
AI_282|Analong Input 282|degC|0|0|282|0|10|0|100|3|-12.50|0|0|0|0|0|0|0|0|0|
AI_283|Analong Input 283|rpm|0|0|283|0|10|0|100|3|-12.50|0|0|0|0|0|0|0|0|0|
AI_284|Analong Input 284|psi|0|0|284|0|10|0|100|3|-12.50|0|0|0|0|0|0|0|0|0|
AI_285|Analong Input 285|amps|0|0|285|0|10|0|100|3|-12.50|0|0|0|0|0|0|0|0|0|
AI_286|Analong Input 286|degC|0|0|286|0|10|0|100|3|-12.50|0|0|0|0|0|0|0|0|0|
AI_287|Analong Input 287|rpm|0|0|287|0|10|0|100|3|-12.50|0|0|0|0|0|0|0|0|0|
AI_288|Analong Input 288|psi|0|0|288|0|10|0|100|3|-12.50|0|0|0|0|0|0|0|0|0|
AI_289|Analong Input 289|amps|0|0|289|0|10|0|100|3|-12.50|0|0|0|0|0|0|0|0|0|
AI_290|Analong Input 290|degC|0|0|290|0|10|0|100|3|-12.50|0|0|0|0|0|0|0|0|0|
AI_291|Analong Input 291|rpm|0|0|291|0|10|0|100|3|-12.50|0|0|0|0|0|0|0|0|0|
AI_292|Analong Input 292|psi|0|0|292|0|10|0|100|3|-12.50|0|0|0|0|0|0|0|0|0|
AI_293|Analong Input 293|amps|0|0|293|0|10|0|100|3|-12.50|0|0|0|0|0|0|0|0|0|
AI_294|Analong Input 294|degC|0|0|294|0|10|0|100|3|-12.50|0|0|0|0|0|0|0|0|0|
AI_295|Analong Input 295|rpm|0|0|295|0|10|0|100|3|-12.50|0|0|0|0|0|0|0|0|0|
AI_296|Analong Input 296|psi|0|0|296|0|10|0|100|3|-12.50|0|0|0|0|0|0|0|0|0|
AI_297|Analong Input 297|amps|0|0|297|0|10|0|100|3|-12.50|0|0|0|0|0|0|0|0|0|
AI_298|Analong Input 298|degC|0|0|298|0|10|0|100|3|-12.50|0|0|0|0|0|0|0|0|0|
AI_299|Analong Input 299|rpm|0|0|299|0|10|0|100|3|-12.50|0|0|0|0|0|0|0|0|0|
AI_300|Analong Input 300|psi|0|0|300|0|10|0|100|3|-12.50|0|0|0|0|0|0|0|0|0|
AI_301|Analong Input 301|amps|0|0|301|0|10|0|100|3|-12.50|0|0|0|0|0|0|0|0|0|
AI_302|Analong Input 302|degC|0|0|302|0|10|0|100|3|-12.50|0|0|0|0|0|0|0|0|0|
AI_303|Analong Input 303|rpm|0|0|303|0|10|0|100|3|-12.50|0|0|0|0|0|0|0|0|0|
AI_304|Analong Input 304|psi|0|0|304|0|10|0|100|3|-12.50|0|0|0|0|0|0|0|0|0|
AI_305|Analong Input 305|amps|0|0|305|0|10|0|100|3|-12.50|0|0|0|0|0|0|0|0|0|
AI_306|Analong Input 306|degC|0|0|306|0|10|0|100|3|-12.50|0|0|0|0|0|0|0|0|0|
AI_307|Analong Input 307|rpm|0|0|307|0|10|0|100|3|-12.50|0|0|0|0|0|0|0|0|0|
AI_308|Analong Input 308|psi|0|0|308|0|10|0|100|3|-12.50|0|0|0|0|0|0|0|0|0|
AI_309|Analong Input 309|amps|0|0|309|0|10|0|100|3|-12.50|0|0|0|0|0|0|0|0|0|
AI_310|Analong Input 310|degC|0|0|310|0|10|0|100|3|-12.50|0|0|0|0|0|0|0|0|0|
AI_311|Analong Input 311|rpm|0|0|311|0|10|0|100|3|-12.50|0|0|0|0|0|0|0|0|0|
AI_312|Analong Input 312|psi|0|0|312|0|10|0|100|3|-12.50|0|0|0|0|0|0|0|0|0|
AI_313|Analong Input 313|amps|0|0|313|0|10|0|100|3|-12.50|0|0|0|0|0|0|0|0|0|
AI_314|Analong Input 314|degC|0|0|314|0|10|0|100|3|-12.50|0|0|0|0|0|0|0|0|0|
AI_315|Analong Input 315|rpm|0|0|315|0|10|0|100|3|-12.50|0|0|0|0|0|0|0|0|0|
AI_316|Analong Input 316|psi|0|0|316|0|10|0|100|3|-12.50|0|0|0|0|0|0|0|0|0|
AI_317|Analong Input 317|amps|0|0|317|0|10|0|100|3|-12.50|0|0|0|0|0|0|0|0|0|
AI_318|Analong Input 318|degC|0|0|318|0|10|0|100|3|-12.50|0|0|0|0|0|0|0|0|0|
AI_319|Analong Input 319|rpm|0|0|319|0|10|0|100|3|-12.50|0|0|0|0|0|0|0|0|0|
AI_320|Analong Input 320|psi|0|0|320|0|10|0|100|3|-12.50|0|0|0|0|0|0|0|0|0|
AI_321|Analong Input 321|amps|0|0|321|0|10|0|100|3|-12.50|0|0|0|0|0|0|0|0|0|
AI_322|Analong Input 322|degC|0|0|322|0|10|0|100|3|-12.50|0|0|0|0|0|0|0|0|0|
AI_323|Analong Input 323|rpm|0|0|323|0|10|0|100|3|-12.50|0|0|0|0|0|0|0|0|0|
AI_324|Analong Input 324|psi|0|0|324|0|10|0|100|3|-12.50|0|0|0|0|0|0|0|0|0|
AI_325|Analong Input 325|amps|0|0|325|0|10|0|100|3|-12.50|0|0|0|0|0|0|0|0|0|
AI_326|Analong Input 326|degC|0|0|326|0|10|0|100|3|-12.50|0|0|0|0|0|0|0|0|0|
AI_327|Analong Input 327|rpm|0|0|327|0|10|0|100|3|-12.50|0|0|0|0|0|0|0|0|0|
AI_328|Analong Input 328|psi|0|0|328|0|10|0|100|3|-12.50|0|0|0|0|0|0|0|0|0|
AI_329|Analong Input 329|amps|0|0|329|0|10|0|100|3|-12.50|0|0|0|0|0|0|0|0|0|
AI_330|Analong Input 330|degC|0|0|330|0|10|0|100|3|-12.50|0|0|0|0|0|0|0|0|0|
AI_331|Analong Input 331|rpm|0|0|331|0|10|0|100|3|-12.50|0|0|0|0|0|0|0|0|0|
AI_332|Analong Input 332|psi|0|0|332|0|10|0|100|3|-12.50|0|0|0|0|0|0|0|0|0|
AI_333|Analong Input 333|amps|0|0|333|0|10|0|100|3|-12.50|0|0|0|0|0|0|0|0|0|
AI_334|Analong Input 334|degC|0|0|334|0|10|0|100|3|-12.50|0|0|0|0|0|0|0|0|0|
AI_335|Analong Input 335|rpm|0|0|335|0|10|0|100|3|-12.50|0|0|0|0|0|0|0|0|0|
AI_336|Analong Input 336|psi|0|0|336|0|10|0|100|3|-12.50|0|0|0|0|0|0|0|0|0|
AI_337|Analong Input 337|amps|0|0|337|0|10|0|100|3|-12.50|0|0|0|0|0|0|0|0|0|
AI_338|Analong Input 338|degC|0|0|338|0|10|0|100|3|-12.50|0|0|0|0|0|0|0|0|0|
AI_339|Analong Input 339|rpm|0|0|339|0|10|0|100|3|-12.50|0|0|0|0|0|0|0|0|0|
AI_340|Analong Input 340|psi|0|0|340|0|10|0|100|3|-12.50|0|0|0|0|0|0|0|0|0|
AI_341|Analong Input 341|amps|0|0|341|0|10|0|100|3|-12.50|0|0|0|0|0|0|0|0|0|
AI_342|Analong Input 342|degC|0|0|342|0|10|0|100|3|-12.50|0|0|0|0|0|0|0|0|0|
AI_343|Analong Input 343|rpm|0|0|343|0|10|0|100|3|-12.50|0|0|0|0|0|0|0|0|0|
AI_344|Analong Input 344|psi|0|0|344|0|10|0|100|3|-12.50|0|0|0|0|0|0|0|0|0|
AI_345|Analong Input 345|amps|0|0|345|0|10|0|100|3|-12.50|0|0|0|0|0|0|0|0|0|
AI_346|Analong Input 346|degC|0|0|346|0|10|0|100|3|-12.50|0|0|0|0|0|0|0|0|0|
AI_347|Analong Input 347|rpm|0|0|347|0|10|0|100|3|-12.50|0|0|0|0|0|0|0|0|0|
AI_348|Analong Input 348|psi|0|0|348|0|10|0|100|3|-12.50|0|0|0|0|0|0|0|0|0|
AI_349|Analong Input 349|amps|0|0|349|0|10|0|100|3|-12.50|0|0|0|0|0|0|0|0|0|
AI_350|Analong Input 350|degC|0|0|350|0|10|0|100|3|-12.50|0|0|0|0|0|0|0|0|0|
AI_351|Analong Input 351|rpm|0|0|351|0|10|0|100|3|-12.50|0|0|0|0|0|0|0|0|0|
AI_352|Analong Input 352|psi|0|0|352|0|10|0|100|3|-12.50|0|0|0|0|0|0|0|0|0|
AI_353|Analong Input 353|amps|0|0|353|0|10|0|100|3|-12.50|0|0|0|0|0|0|0|0|0|
AI_354|Analong Input 354|degC|0|0|354|0|10|0|100|3|-12.50|0|0|0|0|0|0|0|0|0|
AI_355|Analong Input 355|rpm|0|0|355|0|10|0|100|3|-12.50|0|0|0|0|0|0|0|0|0|
AI_356|Analong Input 356|psi|0|0|356|0|10|0|100|3|-12.50|0|0|0|0|0|0|0|0|0|
AI_357|Analong Input 357|amps|0|0|357|0|10|0|100|3|-12.50|0|0|0|0|0|0|0|0|0|
AI_358|Analong Input 358|degC|0|0|358|0|10|0|100|3|-12.50|0|0|0|0|0|0|0|0|0|
AI_359|Analong Input 359|rpm|0|0|359|0|10|0|100|3|-12.50|0|0|0|0|0|0|0|0|0|
AI_360|Analong Input 360|psi|0|0|360|0|10|0|100|3|-12.50|0|0|0|0|0|0|0|0|0|
AI_361|Analong Input 361|amps|0|0|361|0|10|0|100|3|-12.50|0|0|0|0|0|0|0|0|0|
AI_362|Analong Input 362|degC|0|0|362|0|10|0|100|3|-12.50|0|0|0|0|0|0|0|0|0|
AI_363|Analong Input 363|rpm|0|0|363|0|10|0|100|3|-12.50|0|0|0|0|0|0|0|0|0|
AI_364|Analong Input 364|psi|0|0|364|0|10|0|100|3|-12.50|0|0|0|0|0|0|0|0|0|
AI_365|Analong Input 365|amps|0|0|365|0|10|0|100|3|-12.50|0|0|0|0|0|0|0|0|0|
AI_366|Analong Input 366|degC|0|0|366|0|10|0|100|3|-12.50|0|0|0|0|0|0|0|0|0|
AI_367|Analong Input 367|rpm|0|0|367|0|10|0|100|3|-12.50|0|0|0|0|0|0|0|0|0|
AI_368|Analong Input 368|psi|0|0|368|0|10|0|100|3|-12.50|0|0|0|0|0|0|0|0|0|
AI_369|Analong Input 369|amps|0|0|369|0|10|0|100|3|-12.50|0|0|0|0|0|0|0|0|0|
AI_370|Analong Input 370|degC|0|0|370|0|10|0|100|3|-12.50|0|0|0|0|0|0|0|0|0|
AI_371|Analong Input 371|rpm|0|0|371|0|10|0|100|3|-12.50|0|0|0|0|0|0|0|0|0|
AI_372|Analong Input 372|psi|0|0|372|0|10|0|100|3|-12.50|0|0|0|0|0|0|0|0|0|
AI_373|Analong Input 373|amps|0|0|373|0|10|0|100|3|-12.50|0|0|0|0|0|0|0|0|0|
AI_374|Analong Input 374|degC|0|0|374|0|10|0|100|3|-12.50|0|0|0|0|0|0|0|0|0|
AI_375|Analong Input 375|rpm|0|0|375|0|10|0|100|3|-12.50|0|0|0|0|0|0|0|0|0|
AI_376|Analong Input 376|psi|0|0|376|0|10|0|100|3|-12.50|0|0|0|0|0|0|0|0|0|
AI_377|Analong Input 377|amps|0|0|377|0|10|0|100|3|-12.50|0|0|0|0|0|0|0|0|0|
AI_378|Analong Input 378|degC|0|0|378|0|10|0|100|3|-12.50|0|0|0|0|0|0|0|0|0|
AI_379|Analong Input 379|rpm|0|0|379|0|10|0|100|3|-12.50|0|0|0|0|0|0|0|0|0|
AI_380|Analong Input 380|psi|0|0|380|0|10|0|100|3|-12.50|0|0|0|0|0|0|0|0|0|
AI_381|Analong Input 381|amps|0|0|381|0|10|0|100|3|-12.50|0|0|0|0|0|0|0|0|0|
AI_382|Analong Input 382|degC|0|0|382|0|10|0|100|3|-12.50|0|0|0|0|0|0|0|0|0|
AI_383|Analong Input 383|rpm|0|0|383|0|10|0|100|3|-12.50|0|0|0|0|0|0|0|0|0|
AI_384|Analong Input 384|psi|0|0|384|0|10|0|100|3|-12.50|0|0|0|0|0|0|0|0|0|
AI_385|Analong Input 385|amps|0|0|385|0|10|0|100|3|-12.50|0|0|0|0|0|0|0|0|0|
AI_386|Analong Input 386|degC|0|0|386|0|10|0|100|3|-12.50|0|0|0|0|0|0|0|0|0|
AI_387|Analong Input 387|rpm|0|0|387|0|10|0|100|3|-12.50|0|0|0|0|0|0|0|0|0|
AI_388|Analong Input 388|psi|0|0|388|0|10|0|100|3|-12.50|0|0|0|0|0|0|0|0|0|
AI_389|Analong Input 389|amps|0|0|389|0|10|0|100|3|-12.50|0|0|0|0|0|0|0|0|0|
AI_390|Analong Input 390|degC|0|0|390|0|10|0|100|3|-12.50|0|0|0|0|0|0|0|0|0|
AI_391|Analong Input 391|rpm|0|0|391|0|10|0|100|3|-12.50|0|0|0|0|0|0|0|0|0|
AI_392|Analong Input 392|psi|0|0|392|0|10|0|100|3|-12.50|0|0|0|0|0|0|0|0|0|
AI_393|Analong Input 393|amps|0|0|393|0|10|0|100|3|-12.50|0|0|0|0|0|0|0|0|0|
AI_394|Analong Input 394|degC|0|0|394|0|10|0|100|3|-12.50|0|0|0|0|0|0|0|0|0|
AI_395|Analong Input 395|rpm|0|0|395|0|10|0|100|3|-12.50|0|0|0|0|0|0|0|0|0|
AI_396|Analong Input 396|psi|0|0|396|0|10|0|100|3|-12.50|0|0|0|0|0|0|0|0|0|
AI_397|Analong Input 397|amps|0|0|397|0|10|0|100|3|-12.50|0|0|0|0|0|0|0|0|0|
AI_398|Analong Input 398|degC|0|0|398|0|10|0|100|3|-12.50|0|0|0|0|0|0|0|0|0|
AI_399|Analong Input 399|rpm|0|0|399|0|10|0|100|3|-12.50|0|0|0|0|0|0|0|0|0|
AI_400|Analong Input 400|psi|0|0|400|0|10|0|100|3|-12.50|0|0|0|0|0|0|0|0|0|
AI_401|Analong Input 401|amps|0|0|401|0|10|0|100|3|-12.50|0|0|0|0|0|0|0|0|0|
AI_402|Analong Input 402|degC|0|0|402|0|10|0|100|3|-12.50|0|0|0|0|0|0|0|0|0|
AI_403|Analong Input 403|rpm|0|0|403|0|10|0|100|3|-12.50|0|0|0|0|0|0|0|0|0|
AI_404|Analong Input 404|psi|0|0|404|0|10|0|100|3|-12.50|0|0|0|0|0|0|0|0|0|
AI_405|Analong Input 405|amps|0|0|405|0|10|0|100|3|-12.50|0|0|0|0|0|0|0|0|0|
AI_406|Analong Input 406|degC|0|0|406|0|10|0|100|3|-12.50|0|0|0|0|0|0|0|0|0|
AI_407|Analong Input 407|rpm|0|0|407|0|10|0|100|3|-12.50|0|0|0|0|0|0|0|0|0|
AI_408|Analong Input 408|psi|0|0|408|0|10|0|100|3|-12.50|0|0|0|0|0|0|0|0|0|
AI_409|Analong Input 409|amps|0|0|409|0|10|0|100|3|-12.50|0|0|0|0|0|0|0|0|0|
AI_410|Analong Input 410|degC|0|0|410|0|10|0|100|3|-12.50|0|0|0|0|0|0|0|0|0|
AI_411|Analong Input 411|rpm|0|0|411|0|10|0|100|3|-12.50|0|0|0|0|0|0|0|0|0|
AI_412|Analong Input 412|psi|0|0|412|0|10|0|100|3|-12.50|0|0|0|0|0|0|0|0|0|
AI_413|Analong Input 413|amps|0|0|413|0|10|0|100|3|-12.50|0|0|0|0|0|0|0|0|0|
AI_414|Analong Input 414|degC|0|0|414|0|10|0|100|3|-12.50|0|0|0|0|0|0|0|0|0|
AI_415|Analong Input 415|rpm|0|0|415|0|10|0|100|3|-12.50|0|0|0|0|0|0|0|0|0|
AI_416|Analong Input 416|psi|0|0|416|0|10|0|100|3|-12.50|0|0|0|0|0|0|0|0|0|
AI_417|Analong Input 417|amps|0|0|417|0|10|0|100|3|-12.50|0|0|0|0|0|0|0|0|0|
AI_418|Analong Input 418|degC|0|0|418|0|10|0|100|3|-12.50|0|0|0|0|0|0|0|0|0|
AI_419|Analong Input 419|rpm|0|0|419|0|10|0|100|3|-12.50|0|0|0|0|0|0|0|0|0|
AI_420|Analong Input 420|psi|0|0|420|0|10|0|100|3|-12.50|0|0|0|0|0|0|0|0|0|
AI_421|Analong Input 421|amps|0|0|421|0|10|0|100|3|-12.50|0|0|0|0|0|0|0|0|0|
AI_422|Analong Input 422|degC|0|0|422|0|10|0|100|3|-12.50|0|0|0|0|0|0|0|0|0|
AI_423|Analong Input 423|rpm|0|0|423|0|10|0|100|3|-12.50|0|0|0|0|0|0|0|0|0|
AI_424|Analong Input 424|psi|0|0|424|0|10|0|100|3|-12.50|0|0|0|0|0|0|0|0|0|
AI_425|Analong Input 425|amps|0|0|425|0|10|0|100|3|-12.50|0|0|0|0|0|0|0|0|0|
AI_426|Analong Input 426|degC|0|0|426|0|10|0|100|3|-12.50|0|0|0|0|0|0|0|0|0|
AI_427|Analong Input 427|rpm|0|0|427|0|10|0|100|3|-12.50|0|0|0|0|0|0|0|0|0|
AI_428|Analong Input 428|psi|0|0|428|0|10|0|100|3|-12.50|0|0|0|0|0|0|0|0|0|
AI_429|Analong Input 429|amps|0|0|429|0|10|0|100|3|-12.50|0|0|0|0|0|0|0|0|0|
AI_430|Analong Input 430|degC|0|0|430|0|10|0|100|3|-12.50|0|0|0|0|0|0|0|0|0|
AI_431|Analong Input 431|rpm|0|0|431|0|10|0|100|3|-12.50|0|0|0|0|0|0|0|0|0|
AI_432|Analong Input 432|psi|0|0|432|0|10|0|100|3|-12.50|0|0|0|0|0|0|0|0|0|
AI_433|Analong Input 433|amps|0|0|433|0|10|0|100|3|-12.50|0|0|0|0|0|0|0|0|0|
AI_434|Analong Input 434|degC|0|0|434|0|10|0|100|3|-12.50|0|0|0|0|0|0|0|0|0|
AI_435|Analong Input 435|rpm|0|0|435|0|10|0|100|3|-12.50|0|0|0|0|0|0|0|0|0|
AI_436|Analong Input 436|psi|0|0|436|0|10|0|100|3|-12.50|0|0|0|0|0|0|0|0|0|
AI_437|Analong Input 437|amps|0|0|437|0|10|0|100|3|-12.50|0|0|0|0|0|0|0|0|0|
AI_438|Analong Input 438|degC|0|0|438|0|10|0|100|3|-12.50|0|0|0|0|0|0|0|0|0|
AI_439|Analong Input 439|rpm|0|0|439|0|10|0|100|3|-12.50|0|0|0|0|0|0|0|0|0|
AI_440|Analong Input 440|psi|0|0|440|0|10|0|100|3|-12.50|0|0|0|0|0|0|0|0|0|
AI_441|Analong Input 441|amps|0|0|441|0|10|0|100|3|-12.50|0|0|0|0|0|0|0|0|0|
AI_442|Analong Input 442|degC|0|0|442|0|10|0|100|3|-12.50|0|0|0|0|0|0|0|0|0|
AI_443|Analong Input 443|rpm|0|0|443|0|10|0|100|3|-12.50|0|0|0|0|0|0|0|0|0|
AI_444|Analong Input 444|psi|0|0|444|0|10|0|100|3|-12.50|0|0|0|0|0|0|0|0|0|
AI_445|Analong Input 445|amps|0|0|445|0|10|0|100|3|-12.50|0|0|0|0|0|0|0|0|0|
AI_446|Analong Input 446|degC|0|0|446|0|10|0|100|3|-12.50|0|0|0|0|0|0|0|0|0|
AI_447|Analong Input 447|rpm|0|0|447|0|10|0|100|3|-12.50|0|0|0|0|0|0|0|0|0|
AI_448|Analong Input 448|psi|0|0|448|0|10|0|100|3|-12.50|0|0|0|0|0|0|0|0|0|
AI_449|Analong Input 449|amps|0|0|449|0|10|0|100|3|-12.50|0|0|0|0|0|0|0|0|0|
AI_450|Analong Input 450|degC|0|0|450|0|10|0|100|3|-12.50|0|0|0|0|0|0|0|0|0|
AI_451|Analong Input 451|rpm|0|0|451|0|10|0|100|3|-12.50|0|0|0|0|0|0|0|0|0|
AI_452|Analong Input 452|psi|0|0|452|0|10|0|100|3|-12.50|0|0|0|0|0|0|0|0|0|
AI_453|Analong Input 453|amps|0|0|453|0|10|0|100|3|-12.50|0|0|0|0|0|0|0|0|0|
AI_454|Analong Input 454|degC|0|0|454|0|10|0|100|3|-12.50|0|0|0|0|0|0|0|0|0|
AI_455|Analong Input 455|rpm|0|0|455|0|10|0|100|3|-12.50|0|0|0|0|0|0|0|0|0|
AI_456|Analong Input 456|psi|0|0|456|0|10|0|100|3|-12.50|0|0|0|0|0|0|0|0|0|
AI_457|Analong Input 457|amps|0|0|457|0|10|0|100|3|-12.50|0|0|0|0|0|0|0|0|0|
AI_458|Analong Input 458|degC|0|0|458|0|10|0|100|3|-12.50|0|0|0|0|0|0|0|0|0|
AI_459|Analong Input 459|rpm|0|0|459|0|10|0|100|3|-12.50|0|0|0|0|0|0|0|0|0|
AI_460|Analong Input 460|psi|0|0|460|0|10|0|100|3|-12.50|0|0|0|0|0|0|0|0|0|
AI_461|Analong Input 461|amps|0|0|461|0|10|0|100|3|-12.50|0|0|0|0|0|0|0|0|0|
AI_462|Analong Input 462|degC|0|0|462|0|10|0|100|3|-12.50|0|0|0|0|0|0|0|0|0|
AI_463|Analong Input 463|rpm|0|0|463|0|10|0|100|3|-12.50|0|0|0|0|0|0|0|0|0|
AI_464|Analong Input 464|psi|0|0|464|0|10|0|100|3|-12.50|0|0|0|0|0|0|0|0|0|
AI_465|Analong Input 465|amps|0|0|465|0|10|0|100|3|-12.50|0|0|0|0|0|0|0|0|0|
AI_466|Analong Input 466|degC|0|0|466|0|10|0|100|3|-12.50|0|0|0|0|0|0|0|0|0|
AI_467|Analong Input 467|rpm|0|0|467|0|10|0|100|3|-12.50|0|0|0|0|0|0|0|0|0|
AI_468|Analong Input 468|psi|0|0|468|0|10|0|100|3|-12.50|0|0|0|0|0|0|0|0|0|
AI_469|Analong Input 469|amps|0|0|469|0|10|0|100|3|-12.50|0|0|0|0|0|0|0|0|0|
AI_470|Analong Input 470|degC|0|0|470|0|10|0|100|3|-12.50|0|0|0|0|0|0|0|0|0|
AI_471|Analong Input 471|rpm|0|0|471|0|10|0|100|3|-12.50|0|0|0|0|0|0|0|0|0|
AI_472|Analong Input 472|psi|0|0|472|0|10|0|100|3|-12.50|0|0|0|0|0|0|0|0|0|
AI_473|Analong Input 473|amps|0|0|473|0|10|0|100|3|-12.50|0|0|0|0|0|0|0|0|0|
AI_474|Analong Input 474|degC|0|0|474|0|10|0|100|3|-12.50|0|0|0|0|0|0|0|0|0|
AI_475|Analong Input 475|rpm|0|0|475|0|10|0|100|3|-12.50|0|0|0|0|0|0|0|0|0|
AI_476|Analong Input 476|psi|0|0|476|0|10|0|100|3|-12.50|0|0|0|0|0|0|0|0|0|
AI_477|Analong Input 477|amps|0|0|477|0|10|0|100|3|-12.50|0|0|0|0|0|0|0|0|0|
AI_478|Analong Input 478|degC|0|0|478|0|10|0|100|3|-12.50|0|0|0|0|0|0|0|0|0|
AI_479|Analong Input 479|rpm|0|0|479|0|10|0|100|3|-12.50|0|0|0|0|0|0|0|0|0|
AI_480|Analong Input 480|psi|0|0|480|0|10|0|100|3|-12.50|0|0|0|0|0|0|0|0|0|
AI_481|Analong Input 481|amps|0|0|481|0|10|0|100|3|-12.50|0|0|0|0|0|0|0|0|0|
AI_482|Analong Input 482|degC|0|0|482|0|10|0|100|3|-12.50|0|0|0|0|0|0|0|0|0|
AI_483|Analong Input 483|rpm|0|0|483|0|10|0|100|3|-12.50|0|0|0|0|0|0|0|0|0|
AI_484|Analong Input 484|psi|0|0|484|0|10|0|100|3|-12.50|0|0|0|0|0|0|0|0|0|
AI_485|Analong Input 485|amps|0|0|485|0|10|0|100|3|-12.50|0|0|0|0|0|0|0|0|0|
AI_486|Analong Input 486|degC|0|0|486|0|10|0|100|3|-12.50|0|0|0|0|0|0|0|0|0|
AI_487|Analong Input 487|rpm|0|0|487|0|10|0|100|3|-12.50|0|0|0|0|0|0|0|0|0|
AI_488|Analong Input 488|psi|0|0|488|0|10|0|100|3|-12.50|0|0|0|0|0|0|0|0|0|
AI_489|Analong Input 489|amps|0|0|489|0|10|0|100|3|-12.50|0|0|0|0|0|0|0|0|0|
AI_490|Analong Input 490|degC|0|0|490|0|10|0|100|3|-12.50|0|0|0|0|0|0|0|0|0|
AI_491|Analong Input 491|rpm|0|0|491|0|10|0|100|3|-12.50|0|0|0|0|0|0|0|0|0|
AI_492|Analong Input 492|psi|0|0|492|0|10|0|100|3|-12.50|0|0|0|0|0|0|0|0|0|
AI_493|Analong Input 493|amps|0|0|493|0|10|0|100|3|-12.50|0|0|0|0|0|0|0|0|0|
AI_494|Analong Input 494|degC|0|0|494|0|10|0|100|3|-12.50|0|0|0|0|0|0|0|0|0|
AI_495|Analong Input 495|rpm|0|0|495|0|10|0|100|3|-12.50|0|0|0|0|0|0|0|0|0|
AI_496|Analong Input 496|psi|0|0|496|0|10|0|100|3|-12.50|0|0|0|0|0|0|0|0|0|
AI_497|Analong Input 497|amps|0|0|497|0|10|0|100|3|-12.50|0|0|0|0|0|0|0|0|0|
AI_498|Analong Input 498|degC|0|0|498|0|10|0|100|3|-12.50|0|0|0|0|0|0|0|0|0|
AI_499|Analong Input 499|rpm|0|0|499|0|10|0|100|3|-12.50|0|0|0|0|0|0|0|0|0|
AI_500|Analong Input 500|psi|0|0|500|0|10|0|100|3|-12.50|0|0|0|0|0|0|0|0|0|
AI_501|Analong Input 501|amps|0|0|501|0|10|0|100|3|-12.50|0|0|0|0|0|0|0|0|0|
AI_502|Analong Input 502|degC|0|0|502|0|10|0|100|3|-12.50|0|0|0|0|0|0|0|0|0|
AI_503|Analong Input 503|rpm|0|0|503|0|10|0|100|3|-12.50|0|0|0|0|0|0|0|0|0|
AI_504|Analong Input 504|psi|0|0|504|0|10|0|100|3|-12.50|0|0|0|0|0|0|0|0|0|
AI_505|Analong Input 505|amps|0|0|505|0|10|0|100|3|-12.50|0|0|0|0|0|0|0|0|0|
AI_506|Analong Input 506|degC|0|0|506|0|10|0|100|3|-12.50|0|0|0|0|0|0|0|0|0|
AI_507|Analong Input 507|rpm|0|0|507|0|10|0|100|3|-12.50|0|0|0|0|0|0|0|0|0|
AI_508|Analong Input 508|psi|0|0|508|0|10|0|100|3|-12.50|0|0|0|0|0|0|0|0|0|
AI_509|Analong Input 509|amps|0|0|509|0|10|0|100|3|-12.50|0|0|0|0|0|0|0|0|0|
AI_510|Analong Input 510|degC|0|0|510|0|10|0|100|3|-12.50|0|0|0|0|0|0|0|0|0|
AI_511|Analong Input 511|rpm|0|0|511|0|10|0|100|3|-12.50|0|0|0|0|0|0|0|0|0|
AI_512|Analong Input 512|psi|0|0|512|0|10|0|100|3|-12.50|0|0|0|0|0|0|0|0|0|
AI_513|Analong Input 513|amps|0|0|513|0|10|0|100|3|-12.50|0|0|0|0|0|0|0|0|0|
AI_514|Analong Input 514|degC|0|0|514|0|10|0|100|3|-12.50|0|0|0|0|0|0|0|0|0|
AI_515|Analong Input 515|rpm|0|0|515|0|10|0|100|3|-12.50|0|0|0|0|0|0|0|0|0|
AI_516|Analong Input 516|psi|0|0|516|0|10|0|100|3|-12.50|0|0|0|0|0|0|0|0|0|
AI_517|Analong Input 517|amps|0|0|517|0|10|0|100|3|-12.50|0|0|0|0|0|0|0|0|0|
AI_518|Analong Input 518|degC|0|0|518|0|10|0|100|3|-12.50|0|0|0|0|0|0|0|0|0|
AI_519|Analong Input 519|rpm|0|0|519|0|10|0|100|3|-12.50|0|0|0|0|0|0|0|0|0|
AI_520|Analong Input 520|psi|0|0|520|0|10|0|100|3|-12.50|0|0|0|0|0|0|0|0|0|
AI_521|Analong Input 521|amps|0|0|521|0|10|0|100|3|-12.50|0|0|0|0|0|0|0|0|0|
AI_522|Analong Input 522|degC|0|0|522|0|10|0|100|3|-12.50|0|0|0|0|0|0|0|0|0|
AI_523|Analong Input 523|rpm|0|0|523|0|10|0|100|3|-12.50|0|0|0|0|0|0|0|0|0|
AI_524|Analong Input 524|psi|0|0|524|0|10|0|100|3|-12.50|0|0|0|0|0|0|0|0|0|
AI_525|Analong Input 525|amps|0|0|525|0|10|0|100|3|-12.50|0|0|0|0|0|0|0|0|0|
AI_526|Analong Input 526|degC|0|0|526|0|10|0|100|3|-12.50|0|0|0|0|0|0|0|0|0|
AI_527|Analong Input 527|rpm|0|0|527|0|10|0|100|3|-12.50|0|0|0|0|0|0|0|0|0|
AI_528|Analong Input 528|psi|0|0|528|0|10|0|100|3|-12.50|0|0|0|0|0|0|0|0|0|
AI_529|Analong Input 529|amps|0|0|529|0|10|0|100|3|-12.50|0|0|0|0|0|0|0|0|0|
AI_530|Analong Input 530|degC|0|0|530|0|10|0|100|3|-12.50|0|0|0|0|0|0|0|0|0|
AI_531|Analong Input 531|rpm|0|0|531|0|10|0|100|3|-12.50|0|0|0|0|0|0|0|0|0|
AI_532|Analong Input 532|psi|0|0|532|0|10|0|100|3|-12.50|0|0|0|0|0|0|0|0|0|
AI_533|Analong Input 533|amps|0|0|533|0|10|0|100|3|-12.50|0|0|0|0|0|0|0|0|0|
AI_534|Analong Input 534|degC|0|0|534|0|10|0|100|3|-12.50|0|0|0|0|0|0|0|0|0|
AI_535|Analong Input 535|rpm|0|0|535|0|10|0|100|3|-12.50|0|0|0|0|0|0|0|0|0|
AI_536|Analong Input 536|psi|0|0|536|0|10|0|100|3|-12.50|0|0|0|0|0|0|0|0|0|
AI_537|Analong Input 537|amps|0|0|537|0|10|0|100|3|-12.50|0|0|0|0|0|0|0|0|0|
AI_538|Analong Input 538|degC|0|0|538|0|10|0|100|3|-12.50|0|0|0|0|0|0|0|0|0|
AI_539|Analong Input 539|rpm|0|0|539|0|10|0|100|3|-12.50|0|0|0|0|0|0|0|0|0|
AI_540|Analong Input 540|psi|0|0|540|0|10|0|100|3|-12.50|0|0|0|0|0|0|0|0|0|
AI_541|Analong Input 541|amps|0|0|541|0|10|0|100|3|-12.50|0|0|0|0|0|0|0|0|0|
AI_542|Analong Input 542|degC|0|0|542|0|10|0|100|3|-12.50|0|0|0|0|0|0|0|0|0|
AI_543|Analong Input 543|rpm|0|0|543|0|10|0|100|3|-12.50|0|0|0|0|0|0|0|0|0|
AI_544|Analong Input 544|psi|0|0|544|0|10|0|100|3|-12.50|0|0|0|0|0|0|0|0|0|
AI_545|Analong Input 545|amps|0|0|545|0|10|0|100|3|-12.50|0|0|0|0|0|0|0|0|0|
AI_546|Analong Input 546|degC|0|0|546|0|10|0|100|3|-12.50|0|0|0|0|0|0|0|0|0|
AI_547|Analong Input 547|rpm|0|0|547|0|10|0|100|3|-12.50|0|0|0|0|0|0|0|0|0|
AI_548|Analong Input 548|psi|0|0|548|0|10|0|100|3|-12.50|0|0|0|0|0|0|0|0|0|
AI_549|Analong Input 549|amps|0|0|549|0|10|0|100|3|-12.50|0|0|0|0|0|0|0|0|0|
AI_550|Analong Input 550|degC|0|0|550|0|10|0|100|3|-12.50|0|0|0|0|0|0|0|0|0|
AI_551|Analong Input 551|rpm|0|0|551|0|10|0|100|3|-12.50|0|0|0|0|0|0|0|0|0|
AI_552|Analong Input 552|psi|0|0|552|0|10|0|100|3|-12.50|0|0|0|0|0|0|0|0|0|
AI_553|Analong Input 553|amps|0|0|553|0|10|0|100|3|-12.50|0|0|0|0|0|0|0|0|0|
AI_554|Analong Input 554|degC|0|0|554|0|10|0|100|3|-12.50|0|0|0|0|0|0|0|0|0|
AI_555|Analong Input 555|rpm|0|0|555|0|10|0|100|3|-12.50|0|0|0|0|0|0|0|0|0|
AI_556|Analong Input 556|psi|0|0|556|0|10|0|100|3|-12.50|0|0|0|0|0|0|0|0|0|
AI_557|Analong Input 557|amps|0|0|557|0|10|0|100|3|-12.50|0|0|0|0|0|0|0|0|0|
AI_558|Analong Input 558|degC|0|0|558|0|10|0|100|3|-12.50|0|0|0|0|0|0|0|0|0|
AI_559|Analong Input 559|rpm|0|0|559|0|10|0|100|3|-12.50|0|0|0|0|0|0|0|0|0|
AI_560|Analong Input 560|psi|0|0|560|0|10|0|100|3|-12.50|0|0|0|0|0|0|0|0|0|
AI_561|Analong Input 561|amps|0|0|561|0|10|0|100|3|-12.50|0|0|0|0|0|0|0|0|0|
AI_562|Analong Input 562|degC|0|0|562|0|10|0|100|3|-12.50|0|0|0|0|0|0|0|0|0|
AI_563|Analong Input 563|rpm|0|0|563|0|10|0|100|3|-12.50|0|0|0|0|0|0|0|0|0|
AI_564|Analong Input 564|psi|0|0|564|0|10|0|100|3|-12.50|0|0|0|0|0|0|0|0|0|
AI_565|Analong Input 565|amps|0|0|565|0|10|0|100|3|-12.50|0|0|0|0|0|0|0|0|0|
AI_566|Analong Input 566|degC|0|0|566|0|10|0|100|3|-12.50|0|0|0|0|0|0|0|0|0|
AI_567|Analong Input 567|rpm|0|0|567|0|10|0|100|3|-12.50|0|0|0|0|0|0|0|0|0|
AI_568|Analong Input 568|psi|0|0|568|0|10|0|100|3|-12.50|0|0|0|0|0|0|0|0|0|
AI_569|Analong Input 569|amps|0|0|569|0|10|0|100|3|-12.50|0|0|0|0|0|0|0|0|0|
AI_570|Analong Input 570|degC|0|0|570|0|10|0|100|3|-12.50|0|0|0|0|0|0|0|0|0|
AI_571|Analong Input 571|rpm|0|0|571|0|10|0|100|3|-12.50|0|0|0|0|0|0|0|0|0|
AI_572|Analong Input 572|psi|0|0|572|0|10|0|100|3|-12.50|0|0|0|0|0|0|0|0|0|
AI_573|Analong Input 573|amps|0|0|573|0|10|0|100|3|-12.50|0|0|0|0|0|0|0|0|0|
AI_574|Analong Input 574|degC|0|0|574|0|10|0|100|3|-12.50|0|0|0|0|0|0|0|0|0|
AI_575|Analong Input 575|rpm|0|0|575|0|10|0|100|3|-12.50|0|0|0|0|0|0|0|0|0|
AI_576|Analong Input 576|psi|0|0|576|0|10|0|100|3|-12.50|0|0|0|0|0|0|0|0|0|
AI_577|Analong Input 577|amps|0|0|577|0|10|0|100|3|-12.50|0|0|0|0|0|0|0|0|0|
AI_578|Analong Input 578|degC|0|0|578|0|10|0|100|3|-12.50|0|0|0|0|0|0|0|0|0|
AI_579|Analong Input 579|rpm|0|0|579|0|10|0|100|3|-12.50|0|0|0|0|0|0|0|0|0|
AI_580|Analong Input 580|psi|0|0|580|0|10|0|100|3|-12.50|0|0|0|0|0|0|0|0|0|
AI_581|Analong Input 581|amps|0|0|581|0|10|0|100|3|-12.50|0|0|0|0|0|0|0|0|0|
AI_582|Analong Input 582|degC|0|0|582|0|10|0|100|3|-12.50|0|0|0|0|0|0|0|0|0|
AI_583|Analong Input 583|rpm|0|0|583|0|10|0|100|3|-12.50|0|0|0|0|0|0|0|0|0|
AI_584|Analong Input 584|psi|0|0|584|0|10|0|100|3|-12.50|0|0|0|0|0|0|0|0|0|
AI_585|Analong Input 585|amps|0|0|585|0|10|0|100|3|-12.50|0|0|0|0|0|0|0|0|0|
AI_586|Analong Input 586|degC|0|0|586|0|10|0|100|3|-12.50|0|0|0|0|0|0|0|0|0|
AI_587|Analong Input 587|rpm|0|0|587|0|10|0|100|3|-12.50|0|0|0|0|0|0|0|0|0|
AI_588|Analong Input 588|psi|0|0|588|0|10|0|100|3|-12.50|0|0|0|0|0|0|0|0|0|
AI_589|Analong Input 589|amps|0|0|589|0|10|0|100|3|-12.50|0|0|0|0|0|0|0|0|0|
AI_590|Analong Input 590|degC|0|0|590|0|10|0|100|3|-12.50|0|0|0|0|0|0|0|0|0|
AI_591|Analong Input 591|rpm|0|0|591|0|10|0|100|3|-12.50|0|0|0|0|0|0|0|0|0|
AI_592|Analong Input 592|psi|0|0|592|0|10|0|100|3|-12.50|0|0|0|0|0|0|0|0|0|
AI_593|Analong Input 593|amps|0|0|593|0|10|0|100|3|-12.50|0|0|0|0|0|0|0|0|0|
AI_594|Analong Input 594|degC|0|0|594|0|10|0|100|3|-12.50|0|0|0|0|0|0|0|0|0|
AI_595|Analong Input 595|rpm|0|0|595|0|10|0|100|3|-12.50|0|0|0|0|0|0|0|0|0|
AI_596|Analong Input 596|psi|0|0|596|0|10|0|100|3|-12.50|0|0|0|0|0|0|0|0|0|
AI_597|Analong Input 597|amps|0|0|597|0|10|0|100|3|-12.50|0|0|0|0|0|0|0|0|0|
AI_598|Analong Input 598|degC|0|0|598|0|10|0|100|3|-12.50|0|0|0|0|0|0|0|0|0|
AI_599|Analong Input 599|rpm|0|0|599|0|10|0|100|3|-12.50|0|0|0|0|0|0|0|0|0|
AI_600|Analong Input 600|psi|0|0|600|0|10|0|100|3|-12.50|0|0|0|0|0|0|0|0|0|
AI_601|Analong Input 601|amps|0|0|601|0|10|0|100|3|-12.50|0|0|0|0|0|0|0|0|0|
AI_602|Analong Input 602|degC|0|0|602|0|10|0|100|3|-12.50|0|0|0|0|0|0|0|0|0|
AI_603|Analong Input 603|rpm|0|0|603|0|10|0|100|3|-12.50|0|0|0|0|0|0|0|0|0|
AI_604|Analong Input 604|psi|0|0|604|0|10|0|100|3|-12.50|0|0|0|0|0|0|0|0|0|
AI_605|Analong Input 605|amps|0|0|605|0|10|0|100|3|-12.50|0|0|0|0|0|0|0|0|0|
AI_606|Analong Input 606|degC|0|0|606|0|10|0|100|3|-12.50|0|0|0|0|0|0|0|0|0|
AI_607|Analong Input 607|rpm|0|0|607|0|10|0|100|3|-12.50|0|0|0|0|0|0|0|0|0|
AI_608|Analong Input 608|psi|0|0|608|0|10|0|100|3|-12.50|0|0|0|0|0|0|0|0|0|
AI_609|Analong Input 609|amps|0|0|609|0|10|0|100|3|-12.50|0|0|0|0|0|0|0|0|0|
AI_610|Analong Input 610|degC|0|0|610|0|10|0|100|3|-12.50|0|0|0|0|0|0|0|0|0|
AI_611|Analong Input 611|rpm|0|0|611|0|10|0|100|3|-12.50|0|0|0|0|0|0|0|0|0|
AI_612|Analong Input 612|psi|0|0|612|0|10|0|100|3|-12.50|0|0|0|0|0|0|0|0|0|
AI_613|Analong Input 613|amps|0|0|613|0|10|0|100|3|-12.50|0|0|0|0|0|0|0|0|0|
AI_614|Analong Input 614|degC|0|0|614|0|10|0|100|3|-12.50|0|0|0|0|0|0|0|0|0|
AI_615|Analong Input 615|rpm|0|0|615|0|10|0|100|3|-12.50|0|0|0|0|0|0|0|0|0|
AI_616|Analong Input 616|psi|0|0|616|0|10|0|100|3|-12.50|0|0|0|0|0|0|0|0|0|
AI_617|Analong Input 617|amps|0|0|617|0|10|0|100|3|-12.50|0|0|0|0|0|0|0|0|0|
AI_618|Analong Input 618|degC|0|0|618|0|10|0|100|3|-12.50|0|0|0|0|0|0|0|0|0|
AI_619|Analong Input 619|rpm|0|0|619|0|10|0|100|3|-12.50|0|0|0|0|0|0|0|0|0|
AI_620|Analong Input 620|psi|0|0|620|0|10|0|100|3|-12.50|0|0|0|0|0|0|0|0|0|
AI_621|Analong Input 621|amps|0|0|621|0|10|0|100|3|-12.50|0|0|0|0|0|0|0|0|0|
AI_622|Analong Input 622|degC|0|0|622|0|10|0|100|3|-12.50|0|0|0|0|0|0|0|0|0|
AI_623|Analong Input 623|rpm|0|0|623|0|10|0|100|3|-12.50|0|0|0|0|0|0|0|0|0|
AI_624|Analong Input 624|psi|0|0|624|0|10|0|100|3|-12.50|0|0|0|0|0|0|0|0|0|
AI_625|Analong Input 625|amps|0|0|625|0|10|0|100|3|-12.50|0|0|0|0|0|0|0|0|0|
AI_626|Analong Input 626|degC|0|0|626|0|10|0|100|3|-12.50|0|0|0|0|0|0|0|0|0|
AI_627|Analong Input 627|rpm|0|0|627|0|10|0|100|3|-12.50|0|0|0|0|0|0|0|0|0|
AI_628|Analong Input 628|psi|0|0|628|0|10|0|100|3|-12.50|0|0|0|0|0|0|0|0|0|
AI_629|Analong Input 629|amps|0|0|629|0|10|0|100|3|-12.50|0|0|0|0|0|0|0|0|0|
AI_630|Analong Input 630|degC|0|0|630|0|10|0|100|3|-12.50|0|0|0|0|0|0|0|0|0|
AI_631|Analong Input 631|rpm|0|0|631|0|10|0|100|3|-12.50|0|0|0|0|0|0|0|0|0|
AI_632|Analong Input 632|psi|0|0|632|0|10|0|100|3|-12.50|0|0|0|0|0|0|0|0|0|
AI_633|Analong Input 633|amps|0|0|633|0|10|0|100|3|-12.50|0|0|0|0|0|0|0|0|0|
AI_634|Analong Input 634|degC|0|0|634|0|10|0|100|3|-12.50|0|0|0|0|0|0|0|0|0|
AI_635|Analong Input 635|rpm|0|0|635|0|10|0|100|3|-12.50|0|0|0|0|0|0|0|0|0|
AI_636|Analong Input 636|psi|0|0|636|0|10|0|100|3|-12.50|0|0|0|0|0|0|0|0|0|
AI_637|Analong Input 637|amps|0|0|637|0|10|0|100|3|-12.50|0|0|0|0|0|0|0|0|0|
AI_638|Analong Input 638|degC|0|0|638|0|10|0|100|3|-12.50|0|0|0|0|0|0|0|0|0|
AI_639|Analong Input 639|rpm|0|0|639|0|10|0|100|3|-12.50|0|0|0|0|0|0|0|0|0|
AI_640|Analong Input 640|psi|0|0|640|0|10|0|100|3|-12.50|0|0|0|0|0|0|0|0|0|
AI_641|Analong Input 641|amps|0|0|641|0|10|0|100|3|-12.50|0|0|0|0|0|0|0|0|0|
AI_642|Analong Input 642|degC|0|0|642|0|10|0|100|3|-12.50|0|0|0|0|0|0|0|0|0|
AI_643|Analong Input 643|rpm|0|0|643|0|10|0|100|3|-12.50|0|0|0|0|0|0|0|0|0|
AI_644|Analong Input 644|psi|0|0|644|0|10|0|100|3|-12.50|0|0|0|0|0|0|0|0|0|
AI_645|Analong Input 645|amps|0|0|645|0|10|0|100|3|-12.50|0|0|0|0|0|0|0|0|0|
AI_646|Analong Input 646|degC|0|0|646|0|10|0|100|3|-12.50|0|0|0|0|0|0|0|0|0|
AI_647|Analong Input 647|rpm|0|0|647|0|10|0|100|3|-12.50|0|0|0|0|0|0|0|0|0|
AI_648|Analong Input 648|psi|0|0|648|0|10|0|100|3|-12.50|0|0|0|0|0|0|0|0|0|
AI_649|Analong Input 649|amps|0|0|649|0|10|0|100|3|-12.50|0|0|0|0|0|0|0|0|0|
AI_650|Analong Input 650|degC|0|0|650|0|10|0|100|3|-12.50|0|0|0|0|0|0|0|0|0|
AI_651|Analong Input 651|rpm|0|0|651|0|10|0|100|3|-12.50|0|0|0|0|0|0|0|0|0|
AI_652|Analong Input 652|psi|0|0|652|0|10|0|100|3|-12.50|0|0|0|0|0|0|0|0|0|
AI_653|Analong Input 653|amps|0|0|653|0|10|0|100|3|-12.50|0|0|0|0|0|0|0|0|0|
AI_654|Analong Input 654|degC|0|0|654|0|10|0|100|3|-12.50|0|0|0|0|0|0|0|0|0|
AI_655|Analong Input 655|rpm|0|0|655|0|10|0|100|3|-12.50|0|0|0|0|0|0|0|0|0|
AI_656|Analong Input 656|psi|0|0|656|0|10|0|100|3|-12.50|0|0|0|0|0|0|0|0|0|
AI_657|Analong Input 657|amps|0|0|657|0|10|0|100|3|-12.50|0|0|0|0|0|0|0|0|0|
AI_658|Analong Input 658|degC|0|0|658|0|10|0|100|3|-12.50|0|0|0|0|0|0|0|0|0|
AI_659|Analong Input 659|rpm|0|0|659|0|10|0|100|3|-12.50|0|0|0|0|0|0|0|0|0|
AI_660|Analong Input 660|psi|0|0|660|0|10|0|100|3|-12.50|0|0|0|0|0|0|0|0|0|
AI_661|Analong Input 661|amps|0|0|661|0|10|0|100|3|-12.50|0|0|0|0|0|0|0|0|0|
AI_662|Analong Input 662|degC|0|0|662|0|10|0|100|3|-12.50|0|0|0|0|0|0|0|0|0|
AI_663|Analong Input 663|rpm|0|0|663|0|10|0|100|3|-12.50|0|0|0|0|0|0|0|0|0|
AI_664|Analong Input 664|psi|0|0|664|0|10|0|100|3|-12.50|0|0|0|0|0|0|0|0|0|
AI_665|Analong Input 665|amps|0|0|665|0|10|0|100|3|-12.50|0|0|0|0|0|0|0|0|0|
AI_666|Analong Input 666|degC|0|0|666|0|10|0|100|3|-12.50|0|0|0|0|0|0|0|0|0|
AI_667|Analong Input 667|rpm|0|0|667|0|10|0|100|3|-12.50|0|0|0|0|0|0|0|0|0|
AI_668|Analong Input 668|psi|0|0|668|0|10|0|100|3|-12.50|0|0|0|0|0|0|0|0|0|
AI_669|Analong Input 669|amps|0|0|669|0|10|0|100|3|-12.50|0|0|0|0|0|0|0|0|0|
AI_670|Analong Input 670|degC|0|0|670|0|10|0|100|3|-12.50|0|0|0|0|0|0|0|0|0|
AI_671|Analong Input 671|rpm|0|0|671|0|10|0|100|3|-12.50|0|0|0|0|0|0|0|0|0|
AI_672|Analong Input 672|psi|0|0|672|0|10|0|100|3|-12.50|0|0|0|0|0|0|0|0|0|
AI_673|Analong Input 673|amps|0|0|673|0|10|0|100|3|-12.50|0|0|0|0|0|0|0|0|0|
AI_674|Analong Input 674|degC|0|0|674|0|10|0|100|3|-12.50|0|0|0|0|0|0|0|0|0|
AI_675|Analong Input 675|rpm|0|0|675|0|10|0|100|3|-12.50|0|0|0|0|0|0|0|0|0|
AI_676|Analong Input 676|psi|0|0|676|0|10|0|100|3|-12.50|0|0|0|0|0|0|0|0|0|
AI_677|Analong Input 677|amps|0|0|677|0|10|0|100|3|-12.50|0|0|0|0|0|0|0|0|0|
AI_678|Analong Input 678|degC|0|0|678|0|10|0|100|3|-12.50|0|0|0|0|0|0|0|0|0|
AI_679|Analong Input 679|rpm|0|0|679|0|10|0|100|3|-12.50|0|0|0|0|0|0|0|0|0|
AI_680|Analong Input 680|psi|0|0|680|0|10|0|100|3|-12.50|0|0|0|0|0|0|0|0|0|
AI_681|Analong Input 681|amps|0|0|681|0|10|0|100|3|-12.50|0|0|0|0|0|0|0|0|0|
AI_682|Analong Input 682|degC|0|0|682|0|10|0|100|3|-12.50|0|0|0|0|0|0|0|0|0|
AI_683|Analong Input 683|rpm|0|0|683|0|10|0|100|3|-12.50|0|0|0|0|0|0|0|0|0|
AI_684|Analong Input 684|psi|0|0|684|0|10|0|100|3|-12.50|0|0|0|0|0|0|0|0|0|
AI_685|Analong Input 685|amps|0|0|685|0|10|0|100|3|-12.50|0|0|0|0|0|0|0|0|0|
AI_686|Analong Input 686|degC|0|0|686|0|10|0|100|3|-12.50|0|0|0|0|0|0|0|0|0|
AI_687|Analong Input 687|rpm|0|0|687|0|10|0|100|3|-12.50|0|0|0|0|0|0|0|0|0|
AI_688|Analong Input 688|psi|0|0|688|0|10|0|100|3|-12.50|0|0|0|0|0|0|0|0|0|
AI_689|Analong Input 689|amps|0|0|689|0|10|0|100|3|-12.50|0|0|0|0|0|0|0|0|0|
AI_690|Analong Input 690|degC|0|0|690|0|10|0|100|3|-12.50|0|0|0|0|0|0|0|0|0|
AI_691|Analong Input 691|rpm|0|0|691|0|10|0|100|3|-12.50|0|0|0|0|0|0|0|0|0|
AI_692|Analong Input 692|psi|0|0|692|0|10|0|100|3|-12.50|0|0|0|0|0|0|0|0|0|
AI_693|Analong Input 693|amps|0|0|693|0|10|0|100|3|-12.50|0|0|0|0|0|0|0|0|0|
AI_694|Analong Input 694|degC|0|0|694|0|10|0|100|3|-12.50|0|0|0|0|0|0|0|0|0|
AI_695|Analong Input 695|rpm|0|0|695|0|10|0|100|3|-12.50|0|0|0|0|0|0|0|0|0|
AI_696|Analong Input 696|psi|0|0|696|0|10|0|100|3|-12.50|0|0|0|0|0|0|0|0|0|
AI_697|Analong Input 697|amps|0|0|697|0|10|0|100|3|-12.50|0|0|0|0|0|0|0|0|0|
AI_698|Analong Input 698|degC|0|0|698|0|10|0|100|3|-12.50|0|0|0|0|0|0|0|0|0|
AI_699|Analong Input 699|rpm|0|0|699|0|10|0|100|3|-12.50|0|0|0|0|0|0|0|0|0|
AI_700|Analong Input 700|psi|0|0|700|0|10|0|100|3|-12.50|0|0|0|0|0|0|0|0|0|
AI_701|Analong Input 701|amps|0|0|701|0|10|0|100|3|-12.50|0|0|0|0|0|0|0|0|0|
AI_702|Analong Input 702|degC|0|0|702|0|10|0|100|3|-12.50|0|0|0|0|0|0|0|0|0|
AI_703|Analong Input 703|rpm|0|0|703|0|10|0|100|3|-12.50|0|0|0|0|0|0|0|0|0|
AI_704|Analong Input 704|psi|0|0|704|0|10|0|100|3|-12.50|0|0|0|0|0|0|0|0|0|
AI_705|Analong Input 705|amps|0|0|705|0|10|0|100|3|-12.50|0|0|0|0|0|0|0|0|0|
AI_706|Analong Input 706|degC|0|0|706|0|10|0|100|3|-12.50|0|0|0|0|0|0|0|0|0|
AI_707|Analong Input 707|rpm|0|0|707|0|10|0|100|3|-12.50|0|0|0|0|0|0|0|0|0|
AI_708|Analong Input 708|psi|0|0|708|0|10|0|100|3|-12.50|0|0|0|0|0|0|0|0|0|
AI_709|Analong Input 709|amps|0|0|709|0|10|0|100|3|-12.50|0|0|0|0|0|0|0|0|0|
AI_710|Analong Input 710|degC|0|0|710|0|10|0|100|3|-12.50|0|0|0|0|0|0|0|0|0|
AI_711|Analong Input 711|rpm|0|0|711|0|10|0|100|3|-12.50|0|0|0|0|0|0|0|0|0|
AI_712|Analong Input 712|psi|0|0|712|0|10|0|100|3|-12.50|0|0|0|0|0|0|0|0|0|
AI_713|Analong Input 713|amps|0|0|713|0|10|0|100|3|-12.50|0|0|0|0|0|0|0|0|0|
AI_714|Analong Input 714|degC|0|0|714|0|10|0|100|3|-12.50|0|0|0|0|0|0|0|0|0|
AI_715|Analong Input 715|rpm|0|0|715|0|10|0|100|3|-12.50|0|0|0|0|0|0|0|0|0|
AI_716|Analong Input 716|psi|0|0|716|0|10|0|100|3|-12.50|0|0|0|0|0|0|0|0|0|
AI_717|Analong Input 717|amps|0|0|717|0|10|0|100|3|-12.50|0|0|0|0|0|0|0|0|0|
AI_718|Analong Input 718|degC|0|0|718|0|10|0|100|3|-12.50|0|0|0|0|0|0|0|0|0|
AI_719|Analong Input 719|rpm|0|0|719|0|10|0|100|3|-12.50|0|0|0|0|0|0|0|0|0|
AI_720|Analong Input 720|psi|0|0|720|0|10|0|100|3|-12.50|0|0|0|0|0|0|0|0|0|
AI_721|Analong Input 721|amps|0|0|721|0|10|0|100|3|-12.50|0|0|0|0|0|0|0|0|0|
AI_722|Analong Input 722|degC|0|0|722|0|10|0|100|3|-12.50|0|0|0|0|0|0|0|0|0|
AI_723|Analong Input 723|rpm|0|0|723|0|10|0|100|3|-12.50|0|0|0|0|0|0|0|0|0|
AI_724|Analong Input 724|psi|0|0|724|0|10|0|100|3|-12.50|0|0|0|0|0|0|0|0|0|
AI_725|Analong Input 725|amps|0|0|725|0|10|0|100|3|-12.50|0|0|0|0|0|0|0|0|0|
AI_726|Analong Input 726|degC|0|0|726|0|10|0|100|3|-12.50|0|0|0|0|0|0|0|0|0|
AI_727|Analong Input 727|rpm|0|0|727|0|10|0|100|3|-12.50|0|0|0|0|0|0|0|0|0|
AI_728|Analong Input 728|psi|0|0|728|0|10|0|100|3|-12.50|0|0|0|0|0|0|0|0|0|
AI_729|Analong Input 729|amps|0|0|729|0|10|0|100|3|-12.50|0|0|0|0|0|0|0|0|0|
AI_730|Analong Input 730|degC|0|0|730|0|10|0|100|3|-12.50|0|0|0|0|0|0|0|0|0|
AI_731|Analong Input 731|rpm|0|0|731|0|10|0|100|3|-12.50|0|0|0|0|0|0|0|0|0|
AI_732|Analong Input 732|psi|0|0|732|0|10|0|100|3|-12.50|0|0|0|0|0|0|0|0|0|
AI_733|Analong Input 733|amps|0|0|733|0|10|0|100|3|-12.50|0|0|0|0|0|0|0|0|0|
AI_734|Analong Input 734|degC|0|0|734|0|10|0|100|3|-12.50|0|0|0|0|0|0|0|0|0|
AI_735|Analong Input 735|rpm|0|0|735|0|10|0|100|3|-12.50|0|0|0|0|0|0|0|0|0|
AI_736|Analong Input 736|psi|0|0|736|0|10|0|100|3|-12.50|0|0|0|0|0|0|0|0|0|
AI_737|Analong Input 737|amps|0|0|737|0|10|0|100|3|-12.50|0|0|0|0|0|0|0|0|0|
AI_738|Analong Input 738|degC|0|0|738|0|10|0|100|3|-12.50|0|0|0|0|0|0|0|0|0|
AI_739|Analong Input 739|rpm|0|0|739|0|10|0|100|3|-12.50|0|0|0|0|0|0|0|0|0|
AI_740|Analong Input 740|psi|0|0|740|0|10|0|100|3|-12.50|0|0|0|0|0|0|0|0|0|
AI_741|Analong Input 741|amps|0|0|741|0|10|0|100|3|-12.50|0|0|0|0|0|0|0|0|0|
AI_742|Analong Input 742|degC|0|0|742|0|10|0|100|3|-12.50|0|0|0|0|0|0|0|0|0|
AI_743|Analong Input 743|rpm|0|0|743|0|10|0|100|3|-12.50|0|0|0|0|0|0|0|0|0|
AI_744|Analong Input 744|psi|0|0|744|0|10|0|100|3|-12.50|0|0|0|0|0|0|0|0|0|
AI_745|Analong Input 745|amps|0|0|745|0|10|0|100|3|-12.50|0|0|0|0|0|0|0|0|0|
AI_746|Analong Input 746|degC|0|0|746|0|10|0|100|3|-12.50|0|0|0|0|0|0|0|0|0|
AI_747|Analong Input 747|rpm|0|0|747|0|10|0|100|3|-12.50|0|0|0|0|0|0|0|0|0|
AI_748|Analong Input 748|psi|0|0|748|0|10|0|100|3|-12.50|0|0|0|0|0|0|0|0|0|
AI_749|Analong Input 749|amps|0|0|749|0|10|0|100|3|-12.50|0|0|0|0|0|0|0|0|0|
AI_750|Analong Input 750|degC|0|0|750|0|10|0|100|3|-12.50|0|0|0|0|0|0|0|0|0|
AI_751|Analong Input 751|rpm|0|0|751|0|10|0|100|3|-12.50|0|0|0|0|0|0|0|0|0|
AI_752|Analong Input 752|psi|0|0|752|0|10|0|100|3|-12.50|0|0|0|0|0|0|0|0|0|
AI_753|Analong Input 753|amps|0|0|753|0|10|0|100|3|-12.50|0|0|0|0|0|0|0|0|0|
AI_754|Analong Input 754|degC|0|0|754|0|10|0|100|3|-12.50|0|0|0|0|0|0|0|0|0|
AI_755|Analong Input 755|rpm|0|0|755|0|10|0|100|3|-12.50|0|0|0|0|0|0|0|0|0|
AI_756|Analong Input 756|psi|0|0|756|0|10|0|100|3|-12.50|0|0|0|0|0|0|0|0|0|
AI_757|Analong Input 757|amps|0|0|757|0|10|0|100|3|-12.50|0|0|0|0|0|0|0|0|0|
AI_758|Analong Input 758|degC|0|0|758|0|10|0|100|3|-12.50|0|0|0|0|0|0|0|0|0|
AI_759|Analong Input 759|rpm|0|0|759|0|10|0|100|3|-12.50|0|0|0|0|0|0|0|0|0|
AI_760|Analong Input 760|psi|0|0|760|0|10|0|100|3|-12.50|0|0|0|0|0|0|0|0|0|
AI_761|Analong Input 761|amps|0|0|761|0|10|0|100|3|-12.50|0|0|0|0|0|0|0|0|0|
AI_762|Analong Input 762|degC|0|0|762|0|10|0|100|3|-12.50|0|0|0|0|0|0|0|0|0|
AI_763|Analong Input 763|rpm|0|0|763|0|10|0|100|3|-12.50|0|0|0|0|0|0|0|0|0|
AI_764|Analong Input 764|psi|0|0|764|0|10|0|100|3|-12.50|0|0|0|0|0|0|0|0|0|
AI_765|Analong Input 765|amps|0|0|765|0|10|0|100|3|-12.50|0|0|0|0|0|0|0|0|0|
AI_766|Analong Input 766|degC|0|0|766|0|10|0|100|3|-12.50|0|0|0|0|0|0|0|0|0|
AI_767|Analong Input 767|rpm|0|0|767|0|10|0|100|3|-12.50|0|0|0|0|0|0|0|0|0|
AI_768|Analong Input 768|psi|0|0|768|0|10|0|100|3|-12.50|0|0|0|0|0|0|0|0|0|
AI_769|Analong Input 769|amps|0|0|769|0|10|0|100|3|-12.50|0|0|0|0|0|0|0|0|0|
AI_770|Analong Input 770|degC|0|0|770|0|10|0|100|3|-12.50|0|0|0|0|0|0|0|0|0|
AI_771|Analong Input 771|rpm|0|0|771|0|10|0|100|3|-12.50|0|0|0|0|0|0|0|0|0|
AI_772|Analong Input 772|psi|0|0|772|0|10|0|100|3|-12.50|0|0|0|0|0|0|0|0|0|
AI_773|Analong Input 773|amps|0|0|773|0|10|0|100|3|-12.50|0|0|0|0|0|0|0|0|0|
AI_774|Analong Input 774|degC|0|0|774|0|10|0|100|3|-12.50|0|0|0|0|0|0|0|0|0|
AI_775|Analong Input 775|rpm|0|0|775|0|10|0|100|3|-12.50|0|0|0|0|0|0|0|0|0|
AI_776|Analong Input 776|psi|0|0|776|0|10|0|100|3|-12.50|0|0|0|0|0|0|0|0|0|
AI_777|Analong Input 777|amps|0|0|777|0|10|0|100|3|-12.50|0|0|0|0|0|0|0|0|0|
AI_778|Analong Input 778|degC|0|0|778|0|10|0|100|3|-12.50|0|0|0|0|0|0|0|0|0|
AI_779|Analong Input 779|rpm|0|0|779|0|10|0|100|3|-12.50|0|0|0|0|0|0|0|0|0|
AI_780|Analong Input 780|psi|0|0|780|0|10|0|100|3|-12.50|0|0|0|0|0|0|0|0|0|
AI_781|Analong Input 781|amps|0|0|781|0|10|0|100|3|-12.50|0|0|0|0|0|0|0|0|0|
AI_782|Analong Input 782|degC|0|0|782|0|10|0|100|3|-12.50|0|0|0|0|0|0|0|0|0|
AI_783|Analong Input 783|rpm|0|0|783|0|10|0|100|3|-12.50|0|0|0|0|0|0|0|0|0|
AI_784|Analong Input 784|psi|0|0|784|0|10|0|100|3|-12.50|0|0|0|0|0|0|0|0|0|
AI_785|Analong Input 785|amps|0|0|785|0|10|0|100|3|-12.50|0|0|0|0|0|0|0|0|0|
AI_786|Analong Input 786|degC|0|0|786|0|10|0|100|3|-12.50|0|0|0|0|0|0|0|0|0|
AI_787|Analong Input 787|rpm|0|0|787|0|10|0|100|3|-12.50|0|0|0|0|0|0|0|0|0|
AI_788|Analong Input 788|psi|0|0|788|0|10|0|100|3|-12.50|0|0|0|0|0|0|0|0|0|
AI_789|Analong Input 789|amps|0|0|789|0|10|0|100|3|-12.50|0|0|0|0|0|0|0|0|0|
AI_790|Analong Input 790|degC|0|0|790|0|10|0|100|3|-12.50|0|0|0|0|0|0|0|0|0|
AI_791|Analong Input 791|rpm|0|0|791|0|10|0|100|3|-12.50|0|0|0|0|0|0|0|0|0|
AI_792|Analong Input 792|psi|0|0|792|0|10|0|100|3|-12.50|0|0|0|0|0|0|0|0|0|
AI_793|Analong Input 793|amps|0|0|793|0|10|0|100|3|-12.50|0|0|0|0|0|0|0|0|0|
AI_794|Analong Input 794|degC|0|0|794|0|10|0|100|3|-12.50|0|0|0|0|0|0|0|0|0|
AI_795|Analong Input 795|rpm|0|0|795|0|10|0|100|3|-12.50|0|0|0|0|0|0|0|0|0|
AI_796|Analong Input 796|psi|0|0|796|0|10|0|100|3|-12.50|0|0|0|0|0|0|0|0|0|
AI_797|Analong Input 797|amps|0|0|797|0|10|0|100|3|-12.50|0|0|0|0|0|0|0|0|0|
AI_798|Analong Input 798|degC|0|0|798|0|10|0|100|3|-12.50|0|0|0|0|0|0|0|0|0|
AI_799|Analong Input 799|rpm|0|0|799|0|10|0|100|3|-12.50|0|0|0|0|0|0|0|0|0|
AI_800|Analong Input 800|psi|0|0|800|0|10|0|100|3|-12.50|0|0|0|0|0|0|0|0|0|
AI_801|Analong Input 801|amps|0|0|801|0|10|0|100|3|-12.50|0|0|0|0|0|0|0|0|0|
AI_802|Analong Input 802|degC|0|0|802|0|10|0|100|3|-12.50|0|0|0|0|0|0|0|0|0|
AI_803|Analong Input 803|rpm|0|0|803|0|10|0|100|3|-12.50|0|0|0|0|0|0|0|0|0|
AI_804|Analong Input 804|psi|0|0|804|0|10|0|100|3|-12.50|0|0|0|0|0|0|0|0|0|
AI_805|Analong Input 805|amps|0|0|805|0|10|0|100|3|-12.50|0|0|0|0|0|0|0|0|0|
AI_806|Analong Input 806|degC|0|0|806|0|10|0|100|3|-12.50|0|0|0|0|0|0|0|0|0|
AI_807|Analong Input 807|rpm|0|0|807|0|10|0|100|3|-12.50|0|0|0|0|0|0|0|0|0|
AI_808|Analong Input 808|psi|0|0|808|0|10|0|100|3|-12.50|0|0|0|0|0|0|0|0|0|
AI_809|Analong Input 809|amps|0|0|809|0|10|0|100|3|-12.50|0|0|0|0|0|0|0|0|0|
AI_810|Analong Input 810|degC|0|0|810|0|10|0|100|3|-12.50|0|0|0|0|0|0|0|0|0|
AI_811|Analong Input 811|rpm|0|0|811|0|10|0|100|3|-12.50|0|0|0|0|0|0|0|0|0|
AI_812|Analong Input 812|psi|0|0|812|0|10|0|100|3|-12.50|0|0|0|0|0|0|0|0|0|
AI_813|Analong Input 813|amps|0|0|813|0|10|0|100|3|-12.50|0|0|0|0|0|0|0|0|0|
AI_814|Analong Input 814|degC|0|0|814|0|10|0|100|3|-12.50|0|0|0|0|0|0|0|0|0|
AI_815|Analong Input 815|rpm|0|0|815|0|10|0|100|3|-12.50|0|0|0|0|0|0|0|0|0|
AI_816|Analong Input 816|psi|0|0|816|0|10|0|100|3|-12.50|0|0|0|0|0|0|0|0|0|
AI_817|Analong Input 817|amps|0|0|817|0|10|0|100|3|-12.50|0|0|0|0|0|0|0|0|0|
AI_818|Analong Input 818|degC|0|0|818|0|10|0|100|3|-12.50|0|0|0|0|0|0|0|0|0|
AI_819|Analong Input 819|rpm|0|0|819|0|10|0|100|3|-12.50|0|0|0|0|0|0|0|0|0|
AI_820|Analong Input 820|psi|0|0|820|0|10|0|100|3|-12.50|0|0|0|0|0|0|0|0|0|
AI_821|Analong Input 821|amps|0|0|821|0|10|0|100|3|-12.50|0|0|0|0|0|0|0|0|0|
AI_822|Analong Input 822|degC|0|0|822|0|10|0|100|3|-12.50|0|0|0|0|0|0|0|0|0|
AI_823|Analong Input 823|rpm|0|0|823|0|10|0|100|3|-12.50|0|0|0|0|0|0|0|0|0|
AI_824|Analong Input 824|psi|0|0|824|0|10|0|100|3|-12.50|0|0|0|0|0|0|0|0|0|
AI_825|Analong Input 825|amps|0|0|825|0|10|0|100|3|-12.50|0|0|0|0|0|0|0|0|0|
AI_826|Analong Input 826|degC|0|0|826|0|10|0|100|3|-12.50|0|0|0|0|0|0|0|0|0|
AI_827|Analong Input 827|rpm|0|0|827|0|10|0|100|3|-12.50|0|0|0|0|0|0|0|0|0|
AI_828|Analong Input 828|psi|0|0|828|0|10|0|100|3|-12.50|0|0|0|0|0|0|0|0|0|
AI_829|Analong Input 829|amps|0|0|829|0|10|0|100|3|-12.50|0|0|0|0|0|0|0|0|0|
AI_830|Analong Input 830|degC|0|0|830|0|10|0|100|3|-12.50|0|0|0|0|0|0|0|0|0|
AI_831|Analong Input 831|rpm|0|0|831|0|10|0|100|3|-12.50|0|0|0|0|0|0|0|0|0|
AI_832|Analong Input 832|psi|0|0|832|0|10|0|100|3|-12.50|0|0|0|0|0|0|0|0|0|
AI_833|Analong Input 833|amps|0|0|833|0|10|0|100|3|-12.50|0|0|0|0|0|0|0|0|0|
AI_834|Analong Input 834|degC|0|0|834|0|10|0|100|3|-12.50|0|0|0|0|0|0|0|0|0|
AI_835|Analong Input 835|rpm|0|0|835|0|10|0|100|3|-12.50|0|0|0|0|0|0|0|0|0|
AI_836|Analong Input 836|psi|0|0|836|0|10|0|100|3|-12.50|0|0|0|0|0|0|0|0|0|
AI_837|Analong Input 837|amps|0|0|837|0|10|0|100|3|-12.50|0|0|0|0|0|0|0|0|0|
AI_838|Analong Input 838|degC|0|0|838|0|10|0|100|3|-12.50|0|0|0|0|0|0|0|0|0|
AI_839|Analong Input 839|rpm|0|0|839|0|10|0|100|3|-12.50|0|0|0|0|0|0|0|0|0|
AI_840|Analong Input 840|psi|0|0|840|0|10|0|100|3|-12.50|0|0|0|0|0|0|0|0|0|
AI_841|Analong Input 841|amps|0|0|841|0|10|0|100|3|-12.50|0|0|0|0|0|0|0|0|0|
AI_842|Analong Input 842|degC|0|0|842|0|10|0|100|3|-12.50|0|0|0|0|0|0|0|0|0|
AI_843|Analong Input 843|rpm|0|0|843|0|10|0|100|3|-12.50|0|0|0|0|0|0|0|0|0|
AI_844|Analong Input 844|psi|0|0|844|0|10|0|100|3|-12.50|0|0|0|0|0|0|0|0|0|
AI_845|Analong Input 845|amps|0|0|845|0|10|0|100|3|-12.50|0|0|0|0|0|0|0|0|0|
AI_846|Analong Input 846|degC|0|0|846|0|10|0|100|3|-12.50|0|0|0|0|0|0|0|0|0|
AI_847|Analong Input 847|rpm|0|0|847|0|10|0|100|3|-12.50|0|0|0|0|0|0|0|0|0|
AI_848|Analong Input 848|psi|0|0|848|0|10|0|100|3|-12.50|0|0|0|0|0|0|0|0|0|
AI_849|Analong Input 849|amps|0|0|849|0|10|0|100|3|-12.50|0|0|0|0|0|0|0|0|0|
AI_850|Analong Input 850|degC|0|0|850|0|10|0|100|3|-12.50|0|0|0|0|0|0|0|0|0|
AI_851|Analong Input 851|rpm|0|0|851|0|10|0|100|3|-12.50|0|0|0|0|0|0|0|0|0|
AI_852|Analong Input 852|psi|0|0|852|0|10|0|100|3|-12.50|0|0|0|0|0|0|0|0|0|
AI_853|Analong Input 853|amps|0|0|853|0|10|0|100|3|-12.50|0|0|0|0|0|0|0|0|0|
AI_854|Analong Input 854|degC|0|0|854|0|10|0|100|3|-12.50|0|0|0|0|0|0|0|0|0|
AI_855|Analong Input 855|rpm|0|0|855|0|10|0|100|3|-12.50|0|0|0|0|0|0|0|0|0|
AI_856|Analong Input 856|psi|0|0|856|0|10|0|100|3|-12.50|0|0|0|0|0|0|0|0|0|
AI_857|Analong Input 857|amps|0|0|857|0|10|0|100|3|-12.50|0|0|0|0|0|0|0|0|0|
AI_858|Analong Input 858|degC|0|0|858|0|10|0|100|3|-12.50|0|0|0|0|0|0|0|0|0|
AI_859|Analong Input 859|rpm|0|0|859|0|10|0|100|3|-12.50|0|0|0|0|0|0|0|0|0|
AI_860|Analong Input 860|psi|0|0|860|0|10|0|100|3|-12.50|0|0|0|0|0|0|0|0|0|
AI_861|Analong Input 861|amps|0|0|861|0|10|0|100|3|-12.50|0|0|0|0|0|0|0|0|0|
AI_862|Analong Input 862|degC|0|0|862|0|10|0|100|3|-12.50|0|0|0|0|0|0|0|0|0|
AI_863|Analong Input 863|rpm|0|0|863|0|10|0|100|3|-12.50|0|0|0|0|0|0|0|0|0|
AI_864|Analong Input 864|psi|0|0|864|0|10|0|100|3|-12.50|0|0|0|0|0|0|0|0|0|
AI_865|Analong Input 865|amps|0|0|865|0|10|0|100|3|-12.50|0|0|0|0|0|0|0|0|0|
AI_866|Analong Input 866|degC|0|0|866|0|10|0|100|3|-12.50|0|0|0|0|0|0|0|0|0|
AI_867|Analong Input 867|rpm|0|0|867|0|10|0|100|3|-12.50|0|0|0|0|0|0|0|0|0|
AI_868|Analong Input 868|psi|0|0|868|0|10|0|100|3|-12.50|0|0|0|0|0|0|0|0|0|
AI_869|Analong Input 869|amps|0|0|869|0|10|0|100|3|-12.50|0|0|0|0|0|0|0|0|0|
AI_870|Analong Input 870|degC|0|0|870|0|10|0|100|3|-12.50|0|0|0|0|0|0|0|0|0|
AI_871|Analong Input 871|rpm|0|0|871|0|10|0|100|3|-12.50|0|0|0|0|0|0|0|0|0|
AI_872|Analong Input 872|psi|0|0|872|0|10|0|100|3|-12.50|0|0|0|0|0|0|0|0|0|
AI_873|Analong Input 873|amps|0|0|873|0|10|0|100|3|-12.50|0|0|0|0|0|0|0|0|0|
AI_874|Analong Input 874|degC|0|0|874|0|10|0|100|3|-12.50|0|0|0|0|0|0|0|0|0|
AI_875|Analong Input 875|rpm|0|0|875|0|10|0|100|3|-12.50|0|0|0|0|0|0|0|0|0|
AI_876|Analong Input 876|psi|0|0|876|0|10|0|100|3|-12.50|0|0|0|0|0|0|0|0|0|
AI_877|Analong Input 877|amps|0|0|877|0|10|0|100|3|-12.50|0|0|0|0|0|0|0|0|0|
AI_878|Analong Input 878|degC|0|0|878|0|10|0|100|3|-12.50|0|0|0|0|0|0|0|0|0|
AI_879|Analong Input 879|rpm|0|0|879|0|10|0|100|3|-12.50|0|0|0|0|0|0|0|0|0|
AI_880|Analong Input 880|psi|0|0|880|0|10|0|100|3|-12.50|0|0|0|0|0|0|0|0|0|
AI_881|Analong Input 881|amps|0|0|881|0|10|0|100|3|-12.50|0|0|0|0|0|0|0|0|0|
AI_882|Analong Input 882|degC|0|0|882|0|10|0|100|3|-12.50|0|0|0|0|0|0|0|0|0|
AI_883|Analong Input 883|rpm|0|0|883|0|10|0|100|3|-12.50|0|0|0|0|0|0|0|0|0|
AI_884|Analong Input 884|psi|0|0|884|0|10|0|100|3|-12.50|0|0|0|0|0|0|0|0|0|
AI_885|Analong Input 885|amps|0|0|885|0|10|0|100|3|-12.50|0|0|0|0|0|0|0|0|0|
AI_886|Analong Input 886|degC|0|0|886|0|10|0|100|3|-12.50|0|0|0|0|0|0|0|0|0|
AI_887|Analong Input 887|rpm|0|0|887|0|10|0|100|3|-12.50|0|0|0|0|0|0|0|0|0|
AI_888|Analong Input 888|psi|0|0|888|0|10|0|100|3|-12.50|0|0|0|0|0|0|0|0|0|
AI_889|Analong Input 889|amps|0|0|889|0|10|0|100|3|-12.50|0|0|0|0|0|0|0|0|0|
AI_890|Analong Input 890|degC|0|0|890|0|10|0|100|3|-12.50|0|0|0|0|0|0|0|0|0|
AI_891|Analong Input 891|rpm|0|0|891|0|10|0|100|3|-12.50|0|0|0|0|0|0|0|0|0|
AI_892|Analong Input 892|psi|0|0|892|0|10|0|100|3|-12.50|0|0|0|0|0|0|0|0|0|
AI_893|Analong Input 893|amps|0|0|893|0|10|0|100|3|-12.50|0|0|0|0|0|0|0|0|0|
AI_894|Analong Input 894|degC|0|0|894|0|10|0|100|3|-12.50|0|0|0|0|0|0|0|0|0|
AI_895|Analong Input 895|rpm|0|0|895|0|10|0|100|3|-12.50|0|0|0|0|0|0|0|0|0|
AI_896|Analong Input 896|psi|0|0|896|0|10|0|100|3|-12.50|0|0|0|0|0|0|0|0|0|
AI_897|Analong Input 897|amps|0|0|897|0|10|0|100|3|-12.50|0|0|0|0|0|0|0|0|0|
AI_898|Analong Input 898|degC|0|0|898|0|10|0|100|3|-12.50|0|0|0|0|0|0|0|0|0|
AI_899|Analong Input 899|rpm|0|0|899|0|10|0|100|3|-12.50|0|0|0|0|0|0|0|0|0|
AI_900|Analong Input 900|psi|0|0|900|0|10|0|100|3|-12.50|0|0|0|0|0|0|0|0|0|
AI_901|Analong Input 901|amps|0|0|901|0|10|0|100|3|-12.50|0|0|0|0|0|0|0|0|0|
AI_902|Analong Input 902|degC|0|0|902|0|10|0|100|3|-12.50|0|0|0|0|0|0|0|0|0|
AI_903|Analong Input 903|rpm|0|0|903|0|10|0|100|3|-12.50|0|0|0|0|0|0|0|0|0|
AI_904|Analong Input 904|psi|0|0|904|0|10|0|100|3|-12.50|0|0|0|0|0|0|0|0|0|
AI_905|Analong Input 905|amps|0|0|905|0|10|0|100|3|-12.50|0|0|0|0|0|0|0|0|0|
AI_906|Analong Input 906|degC|0|0|906|0|10|0|100|3|-12.50|0|0|0|0|0|0|0|0|0|
AI_907|Analong Input 907|rpm|0|0|907|0|10|0|100|3|-12.50|0|0|0|0|0|0|0|0|0|
AI_908|Analong Input 908|psi|0|0|908|0|10|0|100|3|-12.50|0|0|0|0|0|0|0|0|0|
AI_909|Analong Input 909|amps|0|0|909|0|10|0|100|3|-12.50|0|0|0|0|0|0|0|0|0|
AI_910|Analong Input 910|degC|0|0|910|0|10|0|100|3|-12.50|0|0|0|0|0|0|0|0|0|
AI_911|Analong Input 911|rpm|0|0|911|0|10|0|100|3|-12.50|0|0|0|0|0|0|0|0|0|
AI_912|Analong Input 912|psi|0|0|912|0|10|0|100|3|-12.50|0|0|0|0|0|0|0|0|0|
AI_913|Analong Input 913|amps|0|0|913|0|10|0|100|3|-12.50|0|0|0|0|0|0|0|0|0|
AI_914|Analong Input 914|degC|0|0|914|0|10|0|100|3|-12.50|0|0|0|0|0|0|0|0|0|
AI_915|Analong Input 915|rpm|0|0|915|0|10|0|100|3|-12.50|0|0|0|0|0|0|0|0|0|
AI_916|Analong Input 916|psi|0|0|916|0|10|0|100|3|-12.50|0|0|0|0|0|0|0|0|0|
AI_917|Analong Input 917|amps|0|0|917|0|10|0|100|3|-12.50|0|0|0|0|0|0|0|0|0|
AI_918|Analong Input 918|degC|0|0|918|0|10|0|100|3|-12.50|0|0|0|0|0|0|0|0|0|
AI_919|Analong Input 919|rpm|0|0|919|0|10|0|100|3|-12.50|0|0|0|0|0|0|0|0|0|
AI_920|Analong Input 920|psi|0|0|920|0|10|0|100|3|-12.50|0|0|0|0|0|0|0|0|0|
AI_921|Analong Input 921|amps|0|0|921|0|10|0|100|3|-12.50|0|0|0|0|0|0|0|0|0|
AI_922|Analong Input 922|degC|0|0|922|0|10|0|100|3|-12.50|0|0|0|0|0|0|0|0|0|
AI_923|Analong Input 923|rpm|0|0|923|0|10|0|100|3|-12.50|0|0|0|0|0|0|0|0|0|
AI_924|Analong Input 924|psi|0|0|924|0|10|0|100|3|-12.50|0|0|0|0|0|0|0|0|0|
AI_925|Analong Input 925|amps|0|0|925|0|10|0|100|3|-12.50|0|0|0|0|0|0|0|0|0|
AI_926|Analong Input 926|degC|0|0|926|0|10|0|100|3|-12.50|0|0|0|0|0|0|0|0|0|
AI_927|Analong Input 927|rpm|0|0|927|0|10|0|100|3|-12.50|0|0|0|0|0|0|0|0|0|
AI_928|Analong Input 928|psi|0|0|928|0|10|0|100|3|-12.50|0|0|0|0|0|0|0|0|0|
AI_929|Analong Input 929|amps|0|0|929|0|10|0|100|3|-12.50|0|0|0|0|0|0|0|0|0|
AI_930|Analong Input 930|degC|0|0|930|0|10|0|100|3|-12.50|0|0|0|0|0|0|0|0|0|
AI_931|Analong Input 931|rpm|0|0|931|0|10|0|100|3|-12.50|0|0|0|0|0|0|0|0|0|
AI_932|Analong Input 932|psi|0|0|932|0|10|0|100|3|-12.50|0|0|0|0|0|0|0|0|0|
AI_933|Analong Input 933|amps|0|0|933|0|10|0|100|3|-12.50|0|0|0|0|0|0|0|0|0|
AI_934|Analong Input 934|degC|0|0|934|0|10|0|100|3|-12.50|0|0|0|0|0|0|0|0|0|
AI_935|Analong Input 935|rpm|0|0|935|0|10|0|100|3|-12.50|0|0|0|0|0|0|0|0|0|
AI_936|Analong Input 936|psi|0|0|936|0|10|0|100|3|-12.50|0|0|0|0|0|0|0|0|0|
AI_937|Analong Input 937|amps|0|0|937|0|10|0|100|3|-12.50|0|0|0|0|0|0|0|0|0|
AI_938|Analong Input 938|degC|0|0|938|0|10|0|100|3|-12.50|0|0|0|0|0|0|0|0|0|
AI_939|Analong Input 939|rpm|0|0|939|0|10|0|100|3|-12.50|0|0|0|0|0|0|0|0|0|
AI_940|Analong Input 940|psi|0|0|940|0|10|0|100|3|-12.50|0|0|0|0|0|0|0|0|0|
AI_941|Analong Input 941|amps|0|0|941|0|10|0|100|3|-12.50|0|0|0|0|0|0|0|0|0|
AI_942|Analong Input 942|degC|0|0|942|0|10|0|100|3|-12.50|0|0|0|0|0|0|0|0|0|
AI_943|Analong Input 943|rpm|0|0|943|0|10|0|100|3|-12.50|0|0|0|0|0|0|0|0|0|
AI_944|Analong Input 944|psi|0|0|944|0|10|0|100|3|-12.50|0|0|0|0|0|0|0|0|0|
AI_945|Analong Input 945|amps|0|0|945|0|10|0|100|3|-12.50|0|0|0|0|0|0|0|0|0|
AI_946|Analong Input 946|degC|0|0|946|0|10|0|100|3|-12.50|0|0|0|0|0|0|0|0|0|
AI_947|Analong Input 947|rpm|0|0|947|0|10|0|100|3|-12.50|0|0|0|0|0|0|0|0|0|
AI_948|Analong Input 948|psi|0|0|948|0|10|0|100|3|-12.50|0|0|0|0|0|0|0|0|0|
AI_949|Analong Input 949|amps|0|0|949|0|10|0|100|3|-12.50|0|0|0|0|0|0|0|0|0|
AI_950|Analong Input 950|degC|0|0|950|0|10|0|100|3|-12.50|0|0|0|0|0|0|0|0|0|
AI_951|Analong Input 951|rpm|0|0|951|0|10|0|100|3|-12.50|0|0|0|0|0|0|0|0|0|
AI_952|Analong Input 952|psi|0|0|952|0|10|0|100|3|-12.50|0|0|0|0|0|0|0|0|0|
AI_953|Analong Input 953|amps|0|0|953|0|10|0|100|3|-12.50|0|0|0|0|0|0|0|0|0|
AI_954|Analong Input 954|degC|0|0|954|0|10|0|100|3|-12.50|0|0|0|0|0|0|0|0|0|
AI_955|Analong Input 955|rpm|0|0|955|0|10|0|100|3|-12.50|0|0|0|0|0|0|0|0|0|
AI_956|Analong Input 956|psi|0|0|956|0|10|0|100|3|-12.50|0|0|0|0|0|0|0|0|0|
AI_957|Analong Input 957|amps|0|0|957|0|10|0|100|3|-12.50|0|0|0|0|0|0|0|0|0|
AI_958|Analong Input 958|degC|0|0|958|0|10|0|100|3|-12.50|0|0|0|0|0|0|0|0|0|
AI_959|Analong Input 959|rpm|0|0|959|0|10|0|100|3|-12.50|0|0|0|0|0|0|0|0|0|
AI_960|Analong Input 960|psi|0|0|960|0|10|0|100|3|-12.50|0|0|0|0|0|0|0|0|0|
AI_961|Analong Input 961|amps|0|0|961|0|10|0|100|3|-12.50|0|0|0|0|0|0|0|0|0|
AI_962|Analong Input 962|degC|0|0|962|0|10|0|100|3|-12.50|0|0|0|0|0|0|0|0|0|
AI_963|Analong Input 963|rpm|0|0|963|0|10|0|100|3|-12.50|0|0|0|0|0|0|0|0|0|
AI_964|Analong Input 964|psi|0|0|964|0|10|0|100|3|-12.50|0|0|0|0|0|0|0|0|0|
AI_965|Analong Input 965|amps|0|0|965|0|10|0|100|3|-12.50|0|0|0|0|0|0|0|0|0|
AI_966|Analong Input 966|degC|0|0|966|0|10|0|100|3|-12.50|0|0|0|0|0|0|0|0|0|
AI_967|Analong Input 967|rpm|0|0|967|0|10|0|100|3|-12.50|0|0|0|0|0|0|0|0|0|
AI_968|Analong Input 968|psi|0|0|968|0|10|0|100|3|-12.50|0|0|0|0|0|0|0|0|0|
AI_969|Analong Input 969|amps|0|0|969|0|10|0|100|3|-12.50|0|0|0|0|0|0|0|0|0|
AI_970|Analong Input 970|degC|0|0|970|0|10|0|100|3|-12.50|0|0|0|0|0|0|0|0|0|
AI_971|Analong Input 971|rpm|0|0|971|0|10|0|100|3|-12.50|0|0|0|0|0|0|0|0|0|
AI_972|Analong Input 972|psi|0|0|972|0|10|0|100|3|-12.50|0|0|0|0|0|0|0|0|0|
AI_973|Analong Input 973|amps|0|0|973|0|10|0|100|3|-12.50|0|0|0|0|0|0|0|0|0|
AI_974|Analong Input 974|degC|0|0|974|0|10|0|100|3|-12.50|0|0|0|0|0|0|0|0|0|
AI_975|Analong Input 975|rpm|0|0|975|0|10|0|100|3|-12.50|0|0|0|0|0|0|0|0|0|
AI_976|Analong Input 976|psi|0|0|976|0|10|0|100|3|-12.50|0|0|0|0|0|0|0|0|0|
AI_977|Analong Input 977|amps|0|0|977|0|10|0|100|3|-12.50|0|0|0|0|0|0|0|0|0|
AI_978|Analong Input 978|degC|0|0|978|0|10|0|100|3|-12.50|0|0|0|0|0|0|0|0|0|
AI_979|Analong Input 979|rpm|0|0|979|0|10|0|100|3|-12.50|0|0|0|0|0|0|0|0|0|
AI_980|Analong Input 980|psi|0|0|980|0|10|0|100|3|-12.50|0|0|0|0|0|0|0|0|0|
AI_981|Analong Input 981|amps|0|0|981|0|10|0|100|3|-12.50|0|0|0|0|0|0|0|0|0|
AI_982|Analong Input 982|degC|0|0|982|0|10|0|100|3|-12.50|0|0|0|0|0|0|0|0|0|
AI_983|Analong Input 983|rpm|0|0|983|0|10|0|100|3|-12.50|0|0|0|0|0|0|0|0|0|
AI_984|Analong Input 984|psi|0|0|984|0|10|0|100|3|-12.50|0|0|0|0|0|0|0|0|0|
AI_985|Analong Input 985|amps|0|0|985|0|10|0|100|3|-12.50|0|0|0|0|0|0|0|0|0|
AI_986|Analong Input 986|degC|0|0|986|0|10|0|100|3|-12.50|0|0|0|0|0|0|0|0|0|
AI_987|Analong Input 987|rpm|0|0|987|0|10|0|100|3|-12.50|0|0|0|0|0|0|0|0|0|
AI_988|Analong Input 988|psi|0|0|988|0|10|0|100|3|-12.50|0|0|0|0|0|0|0|0|0|
AI_989|Analong Input 989|amps|0|0|989|0|10|0|100|3|-12.50|0|0|0|0|0|0|0|0|0|
AI_990|Analong Input 990|degC|0|0|990|0|10|0|100|3|-12.50|0|0|0|0|0|0|0|0|0|
AI_991|Analong Input 991|rpm|0|0|991|0|10|0|100|3|-12.50|0|0|0|0|0|0|0|0|0|
AI_992|Analong Input 992|psi|0|0|992|0|10|0|100|3|-12.50|0|0|0|0|0|0|0|0|0|
AI_993|Analong Input 993|amps|0|0|993|0|10|0|100|3|-12.50|0|0|0|0|0|0|0|0|0|
AI_994|Analong Input 994|degC|0|0|994|0|10|0|100|3|-12.50|0|0|0|0|0|0|0|0|0|
AI_995|Analong Input 995|rpm|0|0|995|0|10|0|100|3|-12.50|0|0|0|0|0|0|0|0|0|
AI_996|Analong Input 996|psi|0|0|996|0|10|0|100|3|-12.50|0|0|0|0|0|0|0|0|0|
AI_997|Analong Input 997|amps|0|0|997|0|10|0|100|3|-12.50|0|0|0|0|0|0|0|0|0|
AI_998|Analong Input 998|degC|0|0|998|0|10|0|100|3|-12.50|0|0|0|0|0|0|0|0|0|
AI_999|Analong Input 999|rpm|0|0|999|0|10|0|100|3|-12.50|0|0|0|0|0|0|0|0|0|
