2011-03-28	00:09:25	17.500000	18.000000	19.000000	22.500000	26.000000	24.500000	23.500000	15.000000	14.500000	15.000000	14.500000	12.000000
2011-03-28	00:26:13	17.500000	18.000000	19.000000	22.500000	26.000000	24.500000	23.500000	15.000000	14.500000	15.000000	14.500000	12.000000
2011-03-28	00:36:15	17.500000	18.000000	18.500000	22.500000	26.000000	24.500000	23.500000	15.000000	14.500000	15.000000	14.500000	11.500000
2011-03-28	00:46:15	17.000000	18.000000	18.500000	22.000000	26.000000	24.500000	23.500000	15.000000	14.500000	15.000000	14.500000	11.500000
2011-03-28	00:56:15	17.000000	17.500000	18.500000	22.000000	26.000000	24.500000	23.500000	15.000000	14.500000	14.500000	14.500000	11.500000
2011-03-28	01:06:15	17.000000	17.500000	18.500000	22.000000	26.000000	24.500000	23.500000	14.500000	14.500000	14.500000	14.500000	11.500000
2011-03-28	01:16:15	17.000000	17.500000	18.500000	22.000000	26.000000	24.500000	23.500000	14.500000	14.500000	14.500000	14.000000	11.000000
2011-03-28	01:26:15	17.000000	17.500000	18.000000	21.500000	26.000000	24.500000	23.500000	14.500000	14.000000	14.500000	14.000000	11.500000
2011-03-28	01:36:15	16.500000	17.500000	18.000000	21.500000	26.000000	24.500000	23.500000	14.500000	14.500000	14.500000	14.000000	12.000000
2011-03-28	01:46:15	16.500000	17.000000	18.000000	21.500000	26.000000	24.500000	23.500000	14.500000	14.500000	14.500000	14.000000	11.500000
2011-03-28	01:56:15	16.500000	17.000000	18.000000	21.500000	26.000000	24.500000	23.500000	14.500000	14.000000	14.500000	14.000000	11.500000
2011-03-28	02:06:15	16.500000	17.000000	18.000000	21.500000	26.000000	24.500000	23.500000	14.500000	14.000000	14.000000	14.000000	12.000000
2011-03-28	02:16:15	16.500000	17.000000	17.500000	21.000000	26.000000	24.500000	23.500000	14.000000	14.000000	14.000000	14.000000	11.000000
2011-03-28	02:26:15	16.000000	17.000000	17.500000	21.000000	26.000000	24.500000	23.500000	14.000000	14.000000	14.000000	14.000000	11.000000
2011-03-28	02:36:15	16.000000	16.500000	17.500000	21.000000	26.000000	24.500000	23.500000	14.000000	13.500000	14.000000	13.500000	10.000000
2011-03-28	02:46:15	16.000000	16.500000	17.500000	21.000000	26.000000	24.500000	23.500000	13.500000	13.000000	13.500000	13.000000	10.000000
2011-03-28	02:56:15	16.000000	16.500000	17.000000	21.000000	26.000000	24.500000	23.500000	13.000000	13.000000	13.000000	13.000000	10.000000
2011-03-28	03:06:15	15.500000	16.000000	17.000000	20.500000	26.000000	24.500000	23.500000	13.000000	13.000000	13.000000	13.000000	10.500000
2011-03-28	03:16:15	15.500000	16.000000	17.000000	20.500000	26.000000	24.500000	23.500000	13.000000	13.000000	13.000000	12.500000	9.500000
2011-03-28	03:26:15	15.500000	16.000000	17.000000	20.500000	26.000000	24.500000	23.500000	13.000000	12.500000	13.000000	12.500000	10.000000
2011-03-28	03:36:15	15.500000	16.000000	16.500000	20.500000	26.000000	24.500000	23.500000	12.500000	12.500000	12.500000	12.500000	9.500000
2011-03-28	03:46:15	15.000000	16.000000	16.500000	20.500000	26.000000	24.500000	23.500000	12.500000	12.500000	12.500000	12.000000	9.500000
2011-03-28	03:56:15	15.000000	16.000000	16.500000	20.000000	26.000000	24.500000	23.500000	12.500000	12.500000	12.500000	12.500000	10.500000
2011-03-28	04:06:15	15.000000	15.500000	16.500000	20.000000	26.000000	24.500000	23.500000	12.500000	12.500000	12.500000	12.500000	9.500000
2011-03-28	04:16:15	15.000000	15.500000	16.500000	20.000000	26.000000	24.500000	23.500000	12.500000	12.500000	12.500000	12.500000	9.500000
2011-03-28	04:26:15	15.000000	15.500000	16.500000	20.000000	26.000000	24.500000	23.500000	12.500000	12.500000	12.500000	12.500000	9.000000
2011-03-28	04:36:15	15.000000	15.500000	16.000000	20.000000	26.000000	24.500000	23.000000	12.500000	12.000000	12.500000	12.000000	9.000000
2011-03-28	04:46:15	14.500000	15.500000	16.000000	20.000000	26.000000	24.500000	23.000000	12.000000	12.000000	12.000000	12.000000	10.000000
2011-03-28	04:56:15	14.500000	15.000000	16.000000	19.500000	26.000000	24.500000	23.000000	12.000000	11.500000	12.000000	11.500000	8.500000
2011-03-28	05:06:15	14.000000	15.000000	15.500000	19.500000	26.000000	24.500000	23.000000	11.500000	11.500000	11.500000	11.500000	10.000000
2011-03-28	05:16:15	14.000000	14.500000	15.500000	19.500000	26.000000	24.500000	23.000000	12.000000	11.500000	12.000000	11.500000	9.500000
2011-03-28	05:26:15	14.000000	14.500000	15.500000	19.500000	26.000000	24.500000	23.000000	12.000000	11.500000	12.000000	11.500000	9.500000
2011-03-28	05:36:15	14.000000	14.500000	15.500000	19.500000	26.000000	24.500000	23.000000	12.000000	11.500000	12.000000	11.500000	9.000000
2011-03-28	05:46:15	13.500000	14.500000	15.000000	19.000000	26.000000	24.500000	23.000000	11.500000	11.500000	11.500000	11.500000	9.000000
2011-03-28	05:56:15	13.500000	14.000000	15.000000	19.000000	26.000000	24.500000	23.000000	11.500000	11.500000	11.500000	11.500000	9.500000
2011-03-28	06:06:15	13.500000	14.000000	15.000000	19.000000	26.000000	24.500000	23.000000	11.500000	11.500000	11.500000	11.500000	9.000000
2011-03-28	06:16:15	13.500000	14.000000	15.000000	19.000000	26.000000	24.500000	23.000000	11.500000	11.500000	11.500000	11.500000	10.000000
2011-03-28	06:26:15	14.000000	14.500000	15.000000	19.000000	26.000000	24.500000	23.000000	12.000000	12.000000	12.000000	12.000000	12.000000
2011-03-28	06:36:15	16.000000	15.500000	16.000000	19.000000	26.000000	24.500000	23.000000	13.000000	13.000000	13.000000	13.000000	15.000000
2011-03-28	06:46:15	19.500000	17.500000	18.000000	19.500000	26.000000	24.500000	23.000000	14.000000	14.000000	14.000000	14.000000	17.500000
2011-03-28	06:56:15	23.000000	20.500000	20.500000	20.500000	26.000000	24.500000	23.000000	15.500000	15.500000	15.500000	15.500000	20.500000
2011-03-28	07:06:15	27.500000	24.000000	24.000000	22.000000	26.000000	24.500000	23.000000	17.000000	17.500000	17.500000	17.000000	24.500000
2011-03-28	07:16:15	32.000000	27.500000	27.500000	23.500000	26.000000	24.500000	23.000000	18.500000	19.000000	19.000000	19.000000	26.500000
2011-03-28	07:26:15	36.000000	31.000000	31.000000	25.500000	26.000000	24.500000	23.000000	20.000000	20.500000	20.500000	20.500000	29.500000
2011-03-28	07:36:15	39.500000	34.000000	34.000000	27.500000	26.000000	24.500000	23.000000	21.500000	22.000000	22.500000	22.500000	32.000000
2011-03-28	07:46:15	42.500000	36.500000	37.000000	29.500000	26.000000	24.500000	23.000000	23.000000	23.500000	24.000000	24.500000	37.500000
2011-03-28	07:56:15	45.500000	39.500000	39.500000	31.000000	26.000000	24.500000	23.000000	24.500000	25.500000	26.000000	26.500000	39.500000
2011-03-28	08:06:15	48.000000	41.500000	41.500000	32.500000	26.000000	24.500000	23.000000	26.000000	26.500000	27.500000	28.000000	41.500000
2011-03-28	08:16:15	49.500000	43.500000	43.000000	34.000000	26.000000	24.500000	23.000000	27.500000	28.500000	29.500000	29.500000	43.000000
2011-03-28	08:26:15	51.500000	45.500000	44.500000	35.000000	26.000000	24.500000	23.000000	28.500000	127.500000	30.500000	31.000000	44.500000
2011-03-28	08:36:15	52.000000	46.500000	46.000000	36.500000	26.000000	24.500000	23.000000	29.500000	127.500000	31.500000	32.000000	44.500000
2011-03-28	08:46:15	53.500000	48.000000	47.500000	37.500000	26.000000	24.500000	23.500000	30.500000	31.500000	33.000000	33.500000	47.500000
2011-03-28	08:56:15	54.500000	49.000000	48.500000	38.500000	26.000000	24.500000	23.500000	32.000000	32.500000	34.000000	35.000000	49.500000
2011-03-28	09:06:15	55.500000	50.000000	49.500000	39.500000	26.000000	24.500000	23.500000	33.000000	34.000000	36.000000	36.500000	50.000000
2011-03-28	09:16:15	56.000000	50.500000	50.000000	40.000000	26.000000	24.500000	23.500000	33.500000	34.500000	36.500000	37.500000	51.000000
2011-03-28	09:26:15	56.500000	51.500000	50.500000	41.000000	26.000000	24.500000	23.500000	34.500000	35.500000	37.500000	38.500000	52.000000
2011-03-28	09:36:15	57.000000	52.000000	51.000000	41.500000	26.000000	24.500000	23.500000	35.000000	36.500000	53.000000	39.500000	54.000000
2011-03-28	09:46:15	57.000000	52.200000	51.500000	42.000000	26.000000	24.500000	23.500000	36.000000	37.500000	84.500000	40.500000	55.000000
2011-03-28	09:56:15	57.500000	53.000000	52.000000	42.500000	26.000000	24.500000	23.500000	36.500000	38.000000	127.500000	41.500000	55.000000
2011-03-28	10:06:15	57.500000	53.000000	52.000000	43.000000	26.000000	24.500000	23.500000	37.000000	38.500000	40.500000	42.500000	57.000000
2011-03-28	10:16:15	57.000000	53.000000	52.000000	43.000000	26.000000	24.500000	23.500000	37.500000	39.500000	41.500000	43.500000	54.500000
2011-03-28	10:26:15	56.500000	52.200000	52.000000	43.500000	26.000000	24.500000	23.500000	38.500000	39.500000	127.500000	44.500000	57.000000
2011-03-28	10:36:15	56.500000	52.200000	52.000000	43.500000	26.000000	24.500000	24.000000	38.500000	40.500000	108.500000	45.000000	57.000000
2011-03-28	10:46:15	56.000000	52.200000	51.500000	43.500000	26.000000	24.500000	24.000000	39.500000	41.000000	127.500000	46.000000	58.000000
2011-03-28	10:56:15	55.500000	52.000000	51.500000	43.500000	26.000000	24.500000	24.000000	40.000000	41.500000	63.500000	47.000000	58.500000
2011-03-28	11:06:15	54.500000	51.500000	51.000000	43.500000	26.000000	24.500000	24.000000	40.500000	42.000000	50.500000	47.500000	58.000000
2011-03-28	11:16:15	54.000000	51.000000	50.500000	43.500000	26.000000	24.500000	24.000000	41.000000	42.500000	58.000000	48.000000	58.500000
2011-03-28	11:26:15	53.000000	50.500000	50.000000	43.000000	26.000000	24.500000	24.000000	41.500000	42.500000	101.000000	49.000000	62.000000
2011-03-28	11:36:15	52.200000	50.000000	49.500000	43.000000	26.000000	24.500000	24.000000	42.000000	43.000000	104.500000	49.500000	60.500000
2011-03-28	11:46:15	51.500000	49.500000	48.500000	43.000000	26.000000	24.500000	24.000000	42.000000	43.000000	104.500000	49.500000	60.000000
2011-03-28	11:56:15	50.500000	48.500000	48.000000	42.500000	26.000000	24.500000	24.000000	42.000000	43.000000	45.500000	50.000000	60.500000
2011-03-28	12:06:15	49.500000	47.500000	47.000000	42.000000	26.000000	24.500000	24.000000	42.000000	43.000000	45.000000	49.500000	57.500000
2011-03-28	12:16:15	48.500000	46.500000	46.000000	42.000000	26.000000	24.500000	24.500000	42.500000	43.500000	78.500000	50.000000	57.000000
2011-03-28	12:26:15	47.000000	45.500000	45.000000	41.500000	26.000000	24.500000	24.500000	42.000000	43.000000	45.500000	50.000000	56.000000
2011-03-28	12:36:15	45.500000	44.500000	44.000000	41.000000	26.000000	24.500000	24.500000	42.000000	42.500000	45.000000	49.500000	57.500000
2011-03-28	12:46:15	44.500000	43.500000	43.000000	40.500000	26.000000	24.500000	24.500000	42.000000	43.000000	45.000000	49.500000	57.500000
2011-03-28	12:56:15	43.500000	43.000000	42.500000	40.000000	26.000000	24.500000	24.500000	41.500000	42.000000	44.000000	48.000000	50.500000
2011-03-28	13:06:15	43.000000	42.000000	41.500000	39.500000	26.000000	24.500000	24.500000	41.000000	41.500000	91.000000	47.000000	51.500000
2011-03-28	13:16:15	42.500000	42.000000	41.500000	39.000000	26.000000	24.500000	24.500000	40.000000	40.500000	42.000000	45.000000	44.000000
2011-03-28	13:26:15	42.000000	41.500000	41.000000	39.000000	26.000000	24.500000	24.500000	39.500000	40.000000	41.000000	43.500000	43.000000
2011-03-28	13:36:15	41.500000	41.000000	40.500000	38.500000	26.000000	24.500000	24.500000	38.500000	39.000000	40.000000	42.000000	43.500000
2011-03-28	13:46:15	41.500000	40.500000	40.000000	38.500000	26.000000	24.500000	24.500000	38.000000	38.500000	43.000000	41.500000	44.500000
2011-03-28	13:56:15	41.000000	40.500000	40.000000	38.000000	26.000000	24.500000	24.500000	38.000000	38.500000	52.200000	42.500000	49.000000
2011-03-28	14:06:15	40.500000	40.000000	39.500000	38.000000	26.000000	24.500000	24.500000	38.500000	39.000000	127.500000	43.500000	46.500000
2011-03-28	14:16:15	40.000000	39.500000	39.000000	37.500000	26.000000	24.500000	24.500000	38.000000	38.500000	127.500000	42.500000	43.500000
2011-03-28	14:26:15	39.000000	38.500000	38.500000	37.500000	26.000000	24.500000	24.500000	37.500000	38.000000	127.500000	42.000000	42.500000
2011-03-28	14:36:15	38.500000	38.000000	38.000000	37.000000	26.000000	24.500000	24.500000	37.500000	37.500000	127.500000	41.500000	45.000000
2011-03-28	14:46:15	37.500000	37.500000	37.500000	36.500000	26.000000	24.500000	25.000000	37.000000	37.500000	122.000000	41.500000	40.000000
2011-03-28	14:56:15	37.000000	37.000000	37.000000	36.500000	26.000000	24.500000	24.500000	36.500000	36.500000	84.500000	39.500000	34.000000
2011-03-28	15:06:15	36.000000	36.000000	36.000000	36.000000	26.000000	24.500000	25.000000	35.000000	35.000000	48.000000	37.000000	37.000000
2011-03-28	15:16:15	36.000000	35.500000	35.500000	35.500000	26.000000	24.500000	25.000000	34.500000	34.500000	127.500000	37.000000	39.000000
2011-03-28	15:26:15	35.500000	35.500000	35.500000	35.500000	26.000000	24.500000	25.000000	34.500000	34.500000	36.500000	37.500000	37.000000
2011-03-28	15:36:15	35.000000	35.000000	35.000000	35.000000	26.000000	24.500000	25.000000	34.500000	34.500000	35.500000	37.000000	35.500000
2011-03-28	15:46:15	34.500000	34.500000	34.500000	35.000000	26.000000	24.500000	25.000000	34.500000	34.500000	40.500000	36.500000	34.500000
2011-03-28	15:56:15	34.500000	34.000000	34.500000	34.500000	26.000000	24.500000	25.000000	34.000000	34.000000	45.500000	36.000000	34.500000
2011-03-28	16:06:15	34.000000	34.000000	34.000000	34.500000	26.000000	24.500000	25.000000	33.500000	33.500000	51.500000	35.000000	34.000000
2011-03-28	16:16:15	34.000000	33.500000	34.000000	34.000000	26.000000	24.500000	25.000000	34.000000	34.000000	44.500000	35.500000	32.000000
2011-03-28	16:26:15	34.000000	33.500000	33.500000	34.000000	26.000000	24.500000	25.000000	34.000000	33.500000	63.000000	35.000000	29.500000
2011-03-28	16:36:15	33.500000	33.500000	33.500000	34.000000	26.000000	24.500000	25.000000	33.500000	33.000000	33.500000	34.000000	27.500000
2011-03-28	16:46:15	33.000000	33.000000	33.000000	33.500000	26.000000	24.500000	25.000000	32.500000	32.500000	33.000000	33.500000	26.500000
2011-03-28	16:56:15	32.500000	32.500000	32.500000	33.500000	26.000000	24.500000	25.000000	32.000000	32.000000	32.000000	32.500000	25.500000
2011-03-28	17:06:15	31.500000	32.000000	32.000000	33.000000	26.000000	24.500000	25.000000	30.500000	30.500000	32.500000	30.500000	24.500000
2011-03-28	17:16:15	31.000000	31.500000	31.500000	33.000000	26.000000	24.500000	25.000000	30.000000	30.000000	30.000000	30.500000	25.500000
2011-03-28	17:26:15	30.500000	31.000000	31.000000	32.500000	26.000000	24.500000	25.000000	29.000000	29.000000	29.500000	29.500000	24.000000
2011-03-28	17:36:15	30.000000	30.500000	30.500000	32.000000	26.000000	24.500000	25.000000	28.000000	28.000000	28.000000	28.000000	23.500000
2011-03-28	17:46:15	29.500000	30.000000	30.000000	32.000000	26.000000	24.500000	25.000000	27.500000	27.000000	27.500000	27.000000	23.500000
2011-03-28	17:56:15	29.000000	29.500000	29.500000	31.500000	26.000000	24.500000	25.000000	26.500000	26.500000	26.500000	26.500000	22.500000
2011-03-28	18:06:15	28.500000	29.000000	29.500000	31.000000	26.000000	24.500000	25.000000	26.000000	25.500000	26.000000	25.500000	21.500000
2011-03-28	18:16:15	28.000000	28.500000	29.000000	31.000000	26.000000	24.500000	25.000000	25.000000	25.000000	25.000000	25.000000	20.500000
2011-03-28	18:26:15	27.500000	28.000000	28.500000	30.500000	26.000000	24.500000	25.000000	24.500000	24.000000	24.500000	24.000000	20.000000
2011-03-28	18:36:15	27.000000	27.500000	28.000000	30.000000	58.000000	24.500000	25.000000	24.000000	23.500000	24.000000	23.500000	19.000000
2011-03-28	18:46:15	26.500000	27.000000	27.500000	30.000000	85.500000	24.500000	24.500000	23.500000	23.000000	23.000000	23.000000	19.000000
2011-03-28	18:56:15	25.500000	26.500000	27.000000	29.500000	84.000000	24.500000	24.500000	22.500000	22.500000	22.500000	22.500000	18.000000
2011-03-28	19:06:15	25.000000	26.000000	26.500000	29.000000	26.000000	24.500000	24.500000	22.000000	22.000000	22.000000	21.500000	17.500000
2011-03-28	19:16:15	24.500000	25.500000	26.000000	29.000000	26.000000	24.500000	24.500000	21.500000	21.500000	21.500000	21.000000	16.500000
2011-03-28	19:26:15	24.500000	25.000000	25.500000	28.500000	26.000000	24.500000	24.500000	21.000000	21.000000	21.000000	20.500000	16.000000
2011-03-28	19:36:15	24.000000	25.000000	25.000000	28.000000	26.000000	24.500000	24.500000	20.500000	20.500000	20.500000	20.000000	15.500000
2011-03-28	19:46:15	23.500000	24.500000	25.000000	28.000000	26.000000	24.500000	24.500000	20.500000	20.000000	20.500000	20.000000	15.000000
2011-03-28	19:56:15	23.500000	24.000000	24.500000	27.500000	26.000000	24.500000	24.500000	20.000000	19.500000	20.000000	19.500000	14.500000
2011-03-28	20:06:15	23.000000	23.500000	24.000000	27.500000	26.000000	24.500000	24.500000	19.500000	19.000000	19.500000	19.000000	14.500000
2011-03-28	20:16:15	22.500000	23.500000	24.000000	27.000000	26.000000	24.500000	24.500000	19.000000	19.000000	19.000000	18.500000	14.000000
2011-03-28	20:26:15	22.500000	23.000000	23.500000	27.000000	26.000000	24.500000	24.500000	19.000000	18.500000	18.500000	18.500000	14.000000
2011-03-28	20:36:15	22.000000	23.000000	23.500000	26.500000	47.000000	24.500000	24.500000	18.500000	18.000000	18.000000	18.000000	13.500000
2011-03-28	20:46:15	22.000000	22.500000	23.000000	26.500000	26.000000	24.500000	24.500000	18.000000	18.000000	18.000000	18.000000	13.500000
2011-03-28	20:56:15	21.500000	22.500000	23.000000	26.000000	26.000000	24.500000	24.500000	18.000000	17.500000	18.000000	17.500000	14.500000
2011-03-28	21:06:15	21.500000	22.000000	22.500000	26.000000	26.000000	24.500000	24.500000	18.000000	17.500000	17.500000	17.500000	13.500000
2011-03-28	21:16:15	21.000000	22.000000	22.500000	25.500000	26.000000	24.500000	24.500000	17.500000	17.500000	17.500000	17.000000	13.500000
2011-03-28	21:26:15	21.000000	21.500000	22.000000	25.500000	26.000000	24.500000	24.500000	17.500000	17.000000	17.000000	17.000000	13.500000
2011-03-28	21:36:15	20.500000	21.500000	22.000000	25.500000	26.000000	24.500000	24.500000	17.000000	16.500000	17.000000	16.500000	14.500000
2011-03-28	21:46:15	20.500000	21.000000	21.500000	25.000000	26.000000	24.500000	24.500000	17.000000	16.500000	17.000000	16.500000	14.000000
2011-03-28	21:56:15	20.000000	21.000000	21.500000	25.000000	55.000000	24.500000	24.500000	17.000000	16.500000	17.000000	16.500000	14.500000
2011-03-28	22:06:15	20.000000	20.500000	21.000000	24.500000	26.000000	24.500000	24.500000	17.000000	16.500000	17.000000	16.500000	14.500000
2011-03-28	22:16:15	19.500000	20.500000	21.000000	24.500000	26.000000	24.500000	24.500000	16.500000	16.500000	16.500000	16.500000	13.500000
2011-03-28	22:26:15	19.500000	20.500000	21.000000	24.500000	26.000000	24.500000	24.000000	16.500000	16.500000	16.500000	16.500000	14.500000
2011-03-28	22:36:15	19.500000	20.000000	20.500000	24.000000	47.500000	24.500000	24.000000	16.500000	16.500000	16.500000	16.500000	14.000000
2011-03-28	22:46:15	19.000000	20.000000	20.500000	24.000000	51.500000	24.500000	24.000000	16.500000	16.000000	16.500000	16.000000	13.000000
2011-03-28	22:56:15	19.000000	20.000000	20.500000	24.000000	37.000000	24.500000	24.000000	16.000000	15.500000	16.000000	16.000000	12.500000
2011-03-28	23:06:15	19.000000	19.500000	20.000000	24.000000	26.000000	24.500000	24.000000	16.000000	15.500000	16.000000	15.500000	13.000000
2011-03-28	23:16:15	19.000000	19.500000	20.000000	23.500000	26.000000	24.500000	24.000000	16.000000	15.500000	16.000000	15.500000	14.000000
2011-03-28	23:26:15	19.000000	19.500000	20.000000	23.500000	26.500000	24.500000	24.000000	16.000000	15.500000	16.000000	15.500000	12.000000
2011-03-28	23:36:15	18.500000	19.000000	20.000000	23.500000	26.500000	24.500000	24.000000	15.500000	15.500000	15.500000	15.500000	11.500000
2011-03-28	23:46:15	18.500000	19.000000	20.000000	23.500000	26.500000	24.500000	24.000000	15.500000	15.000000	15.500000	15.000000	11.500000
2011-03-28	23:56:15	18.500000	19.000000	19.500000	23.000000	26.000000	24.500000	24.000000	15.000000	15.000000	15.000000	15.000000	10.500000
