2011-03-24	00:06:32	16.500000	17.000000	16.700000	999.900000	17.000000	16.500000	17.000000	17.000000	999.900000	999.900000
2011-03-24	00:16:32	999.900000	999.900000	999.900000	999.900000	999.900000	999.900000	999.900000	999.900000	999.900000	999.900000
2011-03-24	00:26:32	16.000000	16.700000	16.700000	999.900000	16.500000	16.500000	16.700000	17.000000	999.900000	999.900000
2011-03-24	00:36:32	999.900000	999.900000	999.900000	999.900000	999.900000	999.900000	999.900000	999.900000	999.900000	999.900000
2011-03-24	00:46:32	999.900000	999.900000	999.900000	999.900000	999.900000	999.900000	999.900000	999.900000	999.900000	999.900000
2011-03-24	00:56:32	999.900000	999.900000	999.900000	999.900000	999.900000	999.900000	999.900000	999.900000	999.900000	999.900000
2011-03-24	01:06:32	15.500000	16.500000	16.200000	999.900000	16.500000	16.000000	16.500000	16.500000	999.900000	999.900000
2011-03-24	01:16:32	999.900000	999.900000	999.900000	999.900000	999.900000	999.900000	999.900000	999.900000	999.900000	999.900000
2011-03-24	01:26:32	15.500000	16.200000	16.000000	999.900000	16.000000	16.000000	16.200000	16.500000	999.900000	999.900000
2011-03-24	01:36:32	999.900000	999.900000	999.900000	999.900000	999.900000	999.900000	999.900000	999.900000	999.900000	999.900000
2011-03-24	01:46:32	999.900000	999.900000	999.900000	999.900000	999.900000	999.900000	999.900000	999.900000	999.900000	999.900000
2011-03-24	01:56:32	999.900000	999.900000	999.900000	999.900000	999.900000	999.900000	999.900000	999.900000	999.900000	999.900000
2011-03-24	02:06:32	999.900000	999.900000	999.900000	999.900000	999.900000	999.900000	999.900000	999.900000	999.900000	999.900000
2011-03-24	02:16:32	999.900000	999.900000	999.900000	999.900000	999.900000	999.900000	999.900000	999.900000	999.900000	999.900000
2011-03-24	02:26:32	999.900000	999.900000	999.900000	999.900000	999.900000	999.900000	999.900000	999.900000	999.900000	999.900000
2011-03-24	02:36:32	999.900000	999.900000	999.900000	999.900000	999.900000	999.900000	999.900000	999.900000	999.900000	999.900000
2011-03-24	02:46:32	999.900000	999.900000	999.900000	999.900000	999.900000	999.900000	999.900000	999.900000	999.900000	999.900000
2011-03-24	02:56:32	999.900000	999.900000	999.900000	999.900000	999.900000	999.900000	999.900000	999.900000	999.900000	999.900000
2011-03-24	03:06:32	999.900000	999.900000	999.900000	999.900000	999.900000	999.900000	999.900000	999.900000	999.900000	999.900000
2011-03-24	03:16:32	999.900000	999.900000	999.900000	999.900000	999.900000	999.900000	999.900000	999.900000	999.900000	999.900000
2011-03-24	03:26:32	15.000000	15.500000	15.200000	999.900000	15.500000	15.000000	15.500000	15.500000	999.900000	999.900000
2011-03-24	03:36:32	999.900000	999.900000	999.900000	999.900000	999.900000	999.900000	999.900000	999.900000	999.900000	999.900000
2011-03-24	03:46:32	14.500000	15.200000	15.200000	999.900000	15.000000	15.000000	15.200000	15.500000	999.900000	999.900000
2011-03-24	03:56:32	14.500000	15.200000	15.000000	999.900000	15.000000	15.000000	15.200000	15.500000	999.900000	999.900000
2011-03-24	04:06:32	14.500000	15.200000	15.000000	999.900000	15.000000	15.000000	15.000000	15.500000	999.900000	999.900000
2011-03-24	04:16:32	999.900000	999.900000	999.900000	999.900000	999.900000	999.900000	999.900000	999.900000	999.900000	999.900000
2011-03-24	04:26:32	14.500000	15.000000	14.700000	999.900000	15.000000	14.500000	15.000000	15.000000	999.900000	999.900000
2011-03-24	04:36:32	999.900000	999.900000	999.900000	999.900000	999.900000	999.900000	999.900000	999.900000	999.900000	999.900000
2011-03-24	04:46:32	999.900000	999.900000	999.900000	999.900000	999.900000	999.900000	999.900000	999.900000	999.900000	999.900000
2011-03-24	04:56:32	999.900000	999.900000	999.900000	999.900000	999.900000	999.900000	999.900000	999.900000	999.900000	999.900000
2011-03-24	05:06:32	999.900000	999.900000	999.900000	999.900000	999.900000	999.900000	999.900000	999.900000	999.900000	999.900000
2011-03-24	05:16:32	999.900000	999.900000	999.900000	999.900000	999.900000	999.900000	999.900000	999.900000	999.900000	999.900000
2011-03-24	05:26:32	999.900000	999.900000	999.900000	999.900000	999.900000	999.900000	999.900000	999.900000	999.900000	999.900000
2011-03-24	05:36:32	999.900000	999.900000	999.900000	999.900000	999.900000	999.900000	999.900000	999.900000	999.900000	999.900000
2011-03-24	05:46:32	14.500000	15.000000	14.700000	999.900000	15.000000	14.500000	14.700000	15.000000	999.900000	999.900000
2011-03-24	05:56:32	999.900000	999.900000	999.900000	999.900000	999.900000	999.900000	999.900000	999.900000	999.900000	999.900000
2011-03-24	06:06:32	999.900000	999.900000	999.900000	999.900000	999.900000	999.900000	999.900000	999.900000	999.900000	999.900000
2011-03-24	06:16:32	999.900000	999.900000	999.900000	999.900000	999.900000	999.900000	999.900000	999.900000	999.900000	999.900000
2011-03-24	06:26:32	999.900000	999.900000	999.900000	999.900000	999.900000	999.900000	999.900000	999.900000	999.900000	999.900000
2011-03-24	06:36:32	999.900000	999.900000	999.900000	999.900000	999.900000	999.900000	999.900000	999.900000	999.900000	999.900000
2011-03-24	06:46:32	999.900000	999.900000	999.900000	999.900000	999.900000	999.900000	999.900000	999.900000	999.900000	999.900000
2011-03-24	06:56:32	999.900000	999.900000	999.900000	999.900000	999.900000	999.900000	999.900000	999.900000	999.900000	999.900000
2011-03-24	07:06:32	999.900000	999.900000	999.900000	999.900000	999.900000	999.900000	999.900000	999.900000	999.900000	999.900000
2011-03-24	07:16:32	999.900000	999.900000	999.900000	999.900000	999.900000	999.900000	999.900000	999.900000	999.900000	999.900000
2011-03-24	07:26:32	15.000000	15.200000	15.000000	999.900000	15.000000	15.000000	15.000000	15.000000	999.900000	999.900000
2011-03-24	07:36:32	999.900000	999.900000	999.900000	999.900000	999.900000	999.900000	999.900000	999.900000	999.900000	999.900000
2011-03-24	07:46:32	15.500000	15.700000	15.500000	999.900000	15.500000	15.000000	15.500000	15.500000	999.900000	999.900000
2011-03-24	07:56:32	999.900000	999.900000	999.900000	999.900000	999.900000	999.900000	999.900000	999.900000	999.900000	999.900000
2011-03-24	08:06:32	999.900000	999.900000	999.900000	999.900000	999.900000	999.900000	999.900000	999.900000	999.900000	999.900000
2011-03-24	08:16:32	999.900000	999.900000	999.900000	999.900000	999.900000	999.900000	999.900000	999.900000	999.900000	999.900000
2011-03-24	08:26:32	999.900000	999.900000	999.900000	999.900000	999.900000	999.900000	999.900000	999.900000	999.900000	999.900000
2011-03-24	08:36:32	999.900000	999.900000	999.900000	999.900000	999.900000	999.900000	999.900000	999.900000	999.900000	999.900000
2011-03-24	08:46:32	999.900000	999.900000	999.900000	999.900000	999.900000	999.900000	999.900000	999.900000	999.900000	999.900000
2011-03-24	08:56:32	999.900000	999.900000	999.900000	999.900000	999.900000	999.900000	999.900000	999.900000	999.900000	999.900000
2011-03-24	09:06:32	999.900000	999.900000	999.900000	999.900000	999.900000	999.900000	999.900000	999.900000	999.900000	999.900000
2011-03-24	09:16:32	999.900000	999.900000	999.900000	999.900000	999.900000	999.900000	999.900000	999.900000	999.900000	999.900000
2011-03-24	09:26:32	999.900000	999.900000	999.900000	999.900000	999.900000	999.900000	999.900000	999.900000	999.900000	999.900000
2011-03-24	09:36:32	999.900000	999.900000	999.900000	999.900000	999.900000	999.900000	999.900000	999.900000	999.900000	999.900000
2011-03-24	09:46:32	999.900000	999.900000	999.900000	999.900000	999.900000	999.900000	999.900000	999.900000	999.900000	999.900000
2011-03-24	09:56:32	999.900000	999.900000	999.900000	999.900000	999.900000	999.900000	999.900000	999.900000	999.900000	999.900000
2011-03-24	10:06:32	999.900000	999.900000	999.900000	999.900000	999.900000	999.900000	999.900000	999.900000	999.900000	999.900000
2011-03-24	10:16:32	999.900000	999.900000	999.900000	999.900000	999.900000	999.900000	999.900000	999.900000	999.900000	999.900000
2011-03-24	10:26:32	999.900000	999.900000	999.900000	999.900000	999.900000	999.900000	999.900000	999.900000	999.900000	999.900000
2011-03-24	10:36:32	999.900000	999.900000	999.900000	999.900000	999.900000	999.900000	999.900000	999.900000	999.900000	999.900000
2011-03-24	10:46:32	999.900000	999.900000	999.900000	999.900000	999.900000	999.900000	999.900000	999.900000	999.900000	999.900000
2011-03-24	10:56:32	32.500000	34.700000	34.000000	999.900000	34.000000	33.000000	33.500000	33.500000	999.900000	999.900000
2011-03-24	11:06:32	999.900000	999.900000	999.900000	999.900000	999.900000	999.900000	999.900000	999.900000	999.900000	999.900000
2011-03-24	11:16:32	999.900000	999.900000	999.900000	999.900000	999.900000	999.900000	999.900000	999.900000	999.900000	999.900000
2011-03-24	11:26:32	999.900000	999.900000	999.900000	999.900000	999.900000	999.900000	999.900000	999.900000	999.900000	999.900000
2011-03-24	11:36:32	999.900000	999.900000	999.900000	999.900000	999.900000	999.900000	999.900000	999.900000	999.900000	999.900000
2011-03-24	11:46:32	999.900000	999.900000	999.900000	999.900000	999.900000	999.900000	999.900000	999.900000	999.900000	999.900000
2011-03-24	11:56:32	35.000000	37.000000	36.500000	999.900000	36.500000	36.000000	36.500000	36.500000	999.900000	999.900000
2011-03-24	12:06:32	999.900000	999.900000	999.900000	999.900000	999.900000	999.900000	999.900000	999.900000	999.900000	999.900000
2011-03-24	12:16:32	999.900000	999.900000	999.900000	999.900000	999.900000	999.900000	999.900000	999.900000	999.900000	999.900000
2011-03-24	12:26:32	999.900000	999.900000	999.900000	999.900000	999.900000	999.900000	999.900000	999.900000	999.900000	999.900000
2011-03-24	12:36:32	34.500000	37.200000	36.700000	999.900000	37.000000	36.500000	36.700000	37.000000	999.900000	999.900000
2011-03-24	12:46:32	34.500000	36.700000	36.200000	999.900000	36.500000	36.000000	36.500000	36.500000	999.900000	999.900000
2011-03-24	12:56:32	999.900000	999.900000	999.900000	999.900000	999.900000	999.900000	999.900000	999.900000	999.900000	999.900000
2011-03-24	13:06:32	999.900000	999.900000	999.900000	999.900000	999.900000	999.900000	999.900000	999.900000	999.900000	999.900000
2011-03-24	13:16:32	35.500000	38.000000	37.500000	999.900000	37.500000	37.000000	37.500000	37.500000	999.900000	999.900000
2011-03-24	13:26:32	999.900000	999.900000	999.900000	999.900000	999.900000	999.900000	999.900000	999.900000	999.900000	999.900000
2011-03-24	13:36:32	999.900000	999.900000	999.900000	999.900000	999.900000	999.900000	999.900000	999.900000	999.900000	999.900000
2011-03-24	13:46:32	999.900000	999.900000	999.900000	999.900000	999.900000	999.900000	999.900000	999.900000	999.900000	999.900000
2011-03-24	13:56:32	999.900000	999.900000	999.900000	999.900000	999.900000	999.900000	999.900000	999.900000	999.900000	999.900000
2011-03-24	14:06:32	999.900000	999.900000	999.900000	999.900000	999.900000	999.900000	999.900000	999.900000	999.900000	999.900000
2011-03-24	14:16:32	999.900000	999.900000	999.900000	999.900000	999.900000	999.900000	999.900000	999.900000	999.900000	999.900000
2011-03-24	14:26:32	999.900000	999.900000	999.900000	999.900000	999.900000	999.900000	999.900000	999.900000	999.900000	999.900000
2011-03-24	14:36:32	999.900000	999.900000	999.900000	999.900000	999.900000	999.900000	999.900000	999.900000	999.900000	999.900000
2011-03-24	14:46:32	999.900000	999.900000	999.900000	999.900000	999.900000	999.900000	999.900000	999.900000	999.900000	999.900000
2011-03-24	14:56:32	999.900000	999.900000	999.900000	999.900000	999.900000	999.900000	999.900000	999.900000	999.900000	999.900000
2011-03-24	15:06:32	999.900000	999.900000	999.900000	999.900000	999.900000	999.900000	999.900000	999.900000	999.900000	999.900000
2011-03-24	15:16:32	999.900000	999.900000	999.900000	999.900000	999.900000	999.900000	999.900000	999.900000	999.900000	999.900000
2011-03-24	15:26:32	999.900000	999.900000	999.900000	999.900000	999.900000	999.900000	999.900000	999.900000	999.900000	999.900000
2011-03-24	15:36:32	999.900000	999.900000	999.900000	999.900000	999.900000	999.900000	999.900000	999.900000	999.900000	999.900000
2011-03-24	15:46:32	36.500000	38.200000	38.000000	999.900000	38.000000	38.000000	38.200000	38.500000	999.900000	999.900000
2011-03-24	15:56:32	35.500000	37.200000	37.000000	999.900000	37.000000	37.000000	37.200000	37.500000	999.900000	999.900000
2011-03-24	16:06:32	999.900000	999.900000	999.900000	999.900000	999.900000	999.900000	999.900000	999.900000	999.900000	999.900000
2011-03-24	16:16:32	33.000000	34.500000	34.500000	999.900000	34.500000	34.500000	34.700000	35.000000	999.900000	999.900000
2011-03-24	16:26:32	999.900000	999.900000	999.900000	999.900000	999.900000	999.900000	999.900000	999.900000	999.900000	999.900000
2011-03-24	16:36:32	999.900000	999.900000	999.900000	999.900000	999.900000	999.900000	999.900000	999.900000	999.900000	999.900000
2011-03-24	16:46:32	999.900000	999.900000	999.900000	999.900000	999.900000	999.900000	999.900000	999.900000	999.900000	999.900000
2011-03-24	16:56:32	35.000000	35.500000	35.500000	999.900000	35.000000	35.000000	35.200000	35.000000	999.900000	999.900000
2011-03-24	17:06:32	999.900000	999.900000	999.900000	999.900000	999.900000	999.900000	999.900000	999.900000	999.900000	999.900000
2011-03-24	17:16:32	999.900000	999.900000	999.900000	999.900000	999.900000	999.900000	999.900000	999.900000	999.900000	999.900000
2011-03-24	17:26:32	999.900000	999.900000	999.900000	999.900000	999.900000	999.900000	999.900000	999.900000	999.900000	999.900000
2011-03-24	17:36:32	999.900000	999.900000	999.900000	999.900000	999.900000	999.900000	999.900000	999.900000	999.900000	999.900000
2011-03-24	17:46:32	999.900000	999.900000	999.900000	999.900000	999.900000	999.900000	999.900000	999.900000	999.900000	999.900000
2011-03-24	17:56:32	31.500000	32.500000	32.500000	999.900000	32.000000	32.500000	32.500000	33.000000	999.900000	999.900000
2011-03-24	18:06:32	999.900000	999.900000	999.900000	999.900000	999.900000	999.900000	999.900000	999.900000	999.900000	999.900000
2011-03-24	18:16:32	999.900000	999.900000	999.900000	999.900000	999.900000	999.900000	999.900000	999.900000	999.900000	999.900000
2011-03-24	18:26:32	999.900000	999.900000	999.900000	999.900000	999.900000	999.900000	999.900000	999.900000	999.900000	999.900000
2011-03-24	18:36:32	24.000000	26.500000	26.200000	999.900000	26.500000	26.000000	26.500000	27.000000	999.900000	999.900000
2011-03-24	18:46:32	999.900000	999.900000	999.900000	999.900000	999.900000	999.900000	999.900000	999.900000	999.900000	999.900000
2011-03-24	18:56:32	999.900000	999.900000	999.900000	999.900000	999.900000	999.900000	999.900000	999.900000	999.900000	999.900000
2011-03-24	19:06:32	999.900000	999.900000	999.900000	999.900000	999.900000	999.900000	999.900000	999.900000	999.900000	999.900000
2011-03-24	19:16:32	999.900000	999.900000	999.900000	999.900000	999.900000	999.900000	999.900000	999.900000	999.900000	999.900000
2011-03-24	19:26:32	999.900000	999.900000	999.900000	999.900000	999.900000	999.900000	999.900000	999.900000	999.900000	999.900000
2011-03-24	19:36:32	999.900000	999.900000	999.900000	999.900000	999.900000	999.900000	999.900000	999.900000	999.900000	999.900000
2011-03-24	19:46:32	999.900000	999.900000	999.900000	999.900000	999.900000	999.900000	999.900000	999.900000	999.900000	999.900000
2011-03-24	19:56:32	999.900000	999.900000	999.900000	999.900000	999.900000	999.900000	999.900000	999.900000	999.900000	999.900000
2011-03-24	20:06:32	999.900000	999.900000	999.900000	999.900000	999.900000	999.900000	999.900000	999.900000	999.900000	999.900000
2011-03-24	20:16:32	999.900000	999.900000	999.900000	999.900000	999.900000	999.900000	999.900000	999.900000	999.900000	999.900000
2011-03-24	20:26:32	999.900000	999.900000	999.900000	999.900000	999.900000	999.900000	999.900000	999.900000	999.900000	999.900000
2011-03-24	20:36:32	999.900000	999.900000	999.900000	999.900000	999.900000	999.900000	999.900000	999.900000	999.900000	999.900000
2011-03-24	20:46:32	999.900000	999.900000	999.900000	999.900000	999.900000	999.900000	999.900000	999.900000	999.900000	999.900000
2011-03-24	20:56:32	19.500000	20.200000	20.000000	999.900000	20.000000	20.000000	20.200000	20.500000	999.900000	999.900000
2011-03-24	21:06:32	999.900000	999.900000	999.900000	999.900000	999.900000	999.900000	999.900000	999.900000	999.900000	999.900000
2011-03-24	21:16:32	999.900000	999.900000	999.900000	999.900000	999.900000	999.900000	999.900000	999.900000	999.900000	999.900000
2011-03-24	21:26:32	999.900000	999.900000	999.900000	999.900000	999.900000	999.900000	999.900000	999.900000	999.900000	999.900000
2011-03-24	21:36:32	999.900000	999.900000	999.900000	999.900000	999.900000	999.900000	999.900000	999.900000	999.900000	999.900000
2011-03-24	21:46:32	999.900000	999.900000	999.900000	999.900000	999.900000	999.900000	999.900000	999.900000	999.900000	999.900000
2011-03-24	21:56:32	19.000000	19.500000	19.200000	999.900000	19.500000	19.000000	19.500000	19.500000	999.900000	999.900000
2011-03-24	22:06:32	18.500000	19.200000	19.200000	999.900000	19.500000	19.000000	19.200000	19.500000	999.900000	999.900000
2011-03-24	22:16:32	999.900000	999.900000	999.900000	999.900000	999.900000	999.900000	999.900000	999.900000	999.900000	999.900000
2011-03-24	22:26:32	999.900000	999.900000	999.900000	999.900000	999.900000	999.900000	999.900000	999.900000	999.900000	999.900000
2011-03-24	22:36:32	18.500000	19.200000	19.000000	999.900000	19.000000	19.000000	19.000000	19.500000	999.900000	999.900000
2011-03-24	22:46:32	999.900000	999.900000	999.900000	999.900000	999.900000	999.900000	999.900000	999.900000	999.900000	999.900000
2011-03-24	22:56:32	18.500000	19.000000	19.000000	999.900000	19.000000	18.500000	19.000000	19.000000	999.900000	999.900000
2011-03-24	23:06:32	999.900000	999.900000	999.900000	999.900000	999.900000	999.900000	999.900000	999.900000	999.900000	999.900000
2011-03-24	23:16:32	999.900000	999.900000	999.900000	999.900000	999.900000	999.900000	999.900000	999.900000	999.900000	999.900000
2011-03-24	23:26:32	999.900000	999.900000	999.900000	999.900000	999.900000	999.900000	999.900000	999.900000	999.900000	999.900000
2011-03-24	23:36:32	999.900000	999.900000	999.900000	999.900000	999.900000	999.900000	999.900000	999.900000	999.900000	999.900000
2011-03-24	23:46:32	999.900000	999.900000	999.900000	999.900000	999.900000	999.900000	999.900000	999.900000	999.900000	999.900000
2011-03-24	23:56:32	999.900000	999.900000	999.900000	999.900000	999.900000	999.900000	999.900000	999.900000	999.900000	999.900000
