2011-03-26	00:06:32	999.900000	999.900000	999.900000	999.900000	999.900000	999.900000	999.900000	999.900000	999.900000	999.900000
2011-03-26	00:16:32	999.900000	999.900000	999.900000	999.900000	999.900000	999.900000	999.900000	999.900000	999.900000	999.900000
2011-03-26	00:26:32	999.900000	999.900000	999.900000	999.900000	999.900000	999.900000	999.900000	999.900000	999.900000	999.900000
2011-03-26	00:36:32	999.900000	999.900000	999.900000	999.900000	999.900000	999.900000	999.900000	999.900000	999.900000	999.900000
2011-03-26	00:46:32	999.900000	999.900000	999.900000	999.900000	999.900000	999.900000	999.900000	999.900000	999.900000	999.900000
2011-03-26	00:56:32	999.900000	999.900000	999.900000	999.900000	999.900000	999.900000	999.900000	999.900000	999.900000	999.900000
2011-03-26	01:06:32	999.900000	999.900000	999.900000	999.900000	999.900000	999.900000	999.900000	999.900000	999.900000	999.900000
2011-03-26	01:16:32	999.900000	999.900000	999.900000	999.900000	999.900000	999.900000	999.900000	999.900000	999.900000	999.900000
2011-03-26	01:26:32	999.900000	999.900000	999.900000	999.900000	999.900000	999.900000	999.900000	999.900000	999.900000	999.900000
2011-03-26	01:36:32	999.900000	999.900000	999.900000	999.900000	999.900000	999.900000	999.900000	999.900000	999.900000	999.900000
2011-03-26	01:46:32	999.900000	999.900000	999.900000	999.900000	999.900000	999.900000	999.900000	999.900000	999.900000	999.900000
2011-03-26	01:56:32	999.900000	999.900000	999.900000	999.900000	999.900000	999.900000	999.900000	999.900000	999.900000	999.900000
2011-03-26	02:06:32	16.500000	17.500000	17.200000	999.900000	17.000000	17.000000	17.200000	17.500000	999.900000	999.900000
2011-03-26	02:16:32	999.900000	999.900000	999.900000	999.900000	999.900000	999.900000	999.900000	999.900000	999.900000	999.900000
2011-03-26	02:26:32	999.900000	999.900000	999.900000	999.900000	999.900000	999.900000	999.900000	999.900000	999.900000	999.900000
2011-03-26	02:36:32	999.900000	999.900000	999.900000	999.900000	999.900000	999.900000	999.900000	999.900000	999.900000	999.900000
2011-03-26	02:46:32	999.900000	999.900000	999.900000	999.900000	999.900000	999.900000	999.900000	999.900000	999.900000	999.900000
2011-03-26	02:56:32	999.900000	999.900000	999.900000	999.900000	999.900000	999.900000	999.900000	999.900000	999.900000	999.900000
2011-03-26	03:06:32	999.900000	999.900000	999.900000	999.900000	999.900000	999.900000	999.900000	999.900000	999.900000	999.900000
2011-03-26	03:16:32	999.900000	999.900000	999.900000	999.900000	999.900000	999.900000	999.900000	999.900000	999.900000	999.900000
2011-03-26	03:26:32	999.900000	999.900000	999.900000	999.900000	999.900000	999.900000	999.900000	999.900000	999.900000	999.900000
2011-03-26	03:36:32	16.000000	16.700000	16.500000	999.900000	16.500000	16.500000	16.700000	17.000000	999.900000	999.900000
2011-03-26	03:46:32	999.900000	999.900000	999.900000	999.900000	999.900000	999.900000	999.900000	999.900000	999.900000	999.900000
2011-03-26	03:56:32	999.900000	999.900000	999.900000	999.900000	999.900000	999.900000	999.900000	999.900000	999.900000	999.900000
2011-03-26	04:06:32	999.900000	999.900000	999.900000	999.900000	999.900000	999.900000	999.900000	999.900000	999.900000	999.900000
2011-03-26	04:16:32	999.900000	999.900000	999.900000	999.900000	999.900000	999.900000	999.900000	999.900000	999.900000	999.900000
2011-03-26	04:26:32	999.900000	999.900000	999.900000	999.900000	999.900000	999.900000	999.900000	999.900000	999.900000	999.900000
2011-03-26	04:36:32	15.500000	16.500000	16.200000	999.900000	16.500000	16.000000	16.200000	16.500000	999.900000	999.900000
2011-03-26	04:46:32	999.900000	999.900000	999.900000	999.900000	999.900000	999.900000	999.900000	999.900000	999.900000	999.900000
2011-03-26	04:56:32	999.900000	999.900000	999.900000	999.900000	999.900000	999.900000	999.900000	999.900000	999.900000	999.900000
2011-03-26	05:06:32	999.900000	999.900000	999.900000	999.900000	999.900000	999.900000	999.900000	999.900000	999.900000	999.900000
2011-03-26	05:16:32	999.900000	999.900000	999.900000	999.900000	999.900000	999.900000	999.900000	999.900000	999.900000	999.900000
2011-03-26	05:26:32	15.000000	16.000000	15.700000	999.900000	15.500000	15.500000	15.700000	16.000000	999.900000	999.900000
2011-03-26	05:36:32	999.900000	999.900000	999.900000	999.900000	999.900000	999.900000	999.900000	999.900000	999.900000	999.900000
2011-03-26	05:46:32	999.900000	999.900000	999.900000	999.900000	999.900000	999.900000	999.900000	999.900000	999.900000	999.900000
2011-03-26	05:56:32	999.900000	999.900000	999.900000	999.900000	999.900000	999.900000	999.900000	999.900000	999.900000	999.900000
2011-03-26	06:06:32	999.900000	999.900000	999.900000	999.900000	999.900000	999.900000	999.900000	999.900000	999.900000	999.900000
2011-03-26	06:16:32	15.000000	15.500000	15.200000	999.900000	15.500000	15.000000	15.500000	15.500000	999.900000	999.900000
2011-03-26	06:26:32	999.900000	999.900000	999.900000	999.900000	999.900000	999.900000	999.900000	999.900000	999.900000	999.900000
2011-03-26	06:36:32	999.900000	999.900000	999.900000	999.900000	999.900000	999.900000	999.900000	999.900000	999.900000	999.900000
2011-03-26	06:46:32	999.900000	999.900000	999.900000	999.900000	999.900000	999.900000	999.900000	999.900000	999.900000	999.900000
2011-03-26	06:56:32	999.900000	999.900000	999.900000	999.900000	999.900000	999.900000	999.900000	999.900000	999.900000	999.900000
2011-03-26	07:06:32	999.900000	999.900000	999.900000	999.900000	999.900000	999.900000	999.900000	999.900000	999.900000	999.900000
2011-03-26	07:16:32	999.900000	999.900000	999.900000	999.900000	999.900000	999.900000	999.900000	999.900000	999.900000	999.900000
2011-03-26	07:26:32	999.900000	999.900000	999.900000	999.900000	999.900000	999.900000	999.900000	999.900000	999.900000	999.900000
2011-03-26	07:36:32	999.900000	999.900000	999.900000	999.900000	999.900000	999.900000	999.900000	999.900000	999.900000	999.900000
2011-03-26	07:46:32	999.900000	999.900000	999.900000	999.900000	999.900000	999.900000	999.900000	999.900000	999.900000	999.900000
2011-03-26	07:56:32	999.900000	999.900000	999.900000	999.900000	999.900000	999.900000	999.900000	999.900000	999.900000	999.900000
2011-03-26	08:06:32	999.900000	999.900000	999.900000	999.900000	999.900000	999.900000	999.900000	999.900000	999.900000	999.900000
2011-03-26	08:16:32	999.900000	999.900000	999.900000	999.900000	999.900000	999.900000	999.900000	999.900000	999.900000	999.900000
2011-03-26	08:26:32	999.900000	999.900000	999.900000	999.900000	999.900000	999.900000	999.900000	999.900000	999.900000	999.900000
2011-03-26	08:36:32	17.500000	17.700000	17.500000	999.900000	17.000000	17.000000	17.200000	17.500000	999.900000	999.900000
2011-03-26	08:46:32	999.900000	999.900000	999.900000	999.900000	999.900000	999.900000	999.900000	999.900000	999.900000	999.900000
2011-03-26	08:56:32	999.900000	999.900000	999.900000	999.900000	999.900000	999.900000	999.900000	999.900000	999.900000	999.900000
2011-03-26	09:06:32	999.900000	999.900000	999.900000	999.900000	999.900000	999.900000	999.900000	999.900000	999.900000	999.900000
2011-03-26	09:16:32	999.900000	999.900000	999.900000	999.900000	999.900000	999.900000	999.900000	999.900000	999.900000	999.900000
2011-03-26	09:26:32	999.900000	999.900000	999.900000	999.900000	999.900000	999.900000	999.900000	999.900000	999.900000	999.900000
2011-03-26	09:36:32	999.900000	999.900000	999.900000	999.900000	999.900000	999.900000	999.900000	999.900000	999.900000	999.900000
2011-03-26	09:46:32	999.900000	999.900000	999.900000	999.900000	999.900000	999.900000	999.900000	999.900000	999.900000	999.900000
2011-03-26	09:56:32	24.500000	26.500000	25.200000	999.900000	25.500000	24.500000	24.500000	24.500000	999.900000	999.900000
2011-03-26	10:06:32	26.000000	28.000000	27.000000	999.900000	27.000000	26.000000	26.000000	26.000000	999.900000	999.900000
2011-03-26	10:16:32	999.900000	999.900000	999.900000	999.900000	999.900000	999.900000	999.900000	999.900000	999.900000	999.900000
2011-03-26	10:26:32	999.900000	999.900000	999.900000	999.900000	999.900000	999.900000	999.900000	999.900000	999.900000	999.900000
2011-03-26	10:36:32	999.900000	999.900000	999.900000	999.900000	999.900000	999.900000	999.900000	999.900000	999.900000	999.900000
2011-03-26	10:46:32	999.900000	999.900000	999.900000	999.900000	999.900000	999.900000	999.900000	999.900000	999.900000	999.900000
2011-03-26	10:56:32	32.500000	34.700000	33.700000	999.900000	34.000000	33.000000	33.200000	33.000000	999.900000	999.900000
2011-03-26	11:06:32	33.500000	35.700000	35.000000	999.900000	35.000000	34.000000	34.200000	34.000000	999.900000	999.900000
2011-03-26	11:16:32	999.900000	999.900000	999.900000	999.900000	999.900000	999.900000	999.900000	999.900000	999.900000	999.900000
2011-03-26	11:26:32	999.900000	999.900000	999.900000	999.900000	999.900000	999.900000	999.900000	999.900000	999.900000	999.900000
2011-03-26	11:36:32	999.900000	999.900000	999.900000	999.900000	999.900000	999.900000	999.900000	999.900000	999.900000	999.900000
2011-03-26	11:46:32	36.000000	39.000000	38.000000	999.900000	38.000000	37.500000	37.700000	37.500000	999.900000	999.900000
2011-03-26	11:56:32	999.900000	999.900000	999.900000	999.900000	999.900000	999.900000	999.900000	999.900000	999.900000	999.900000
2011-03-26	12:06:32	999.900000	999.900000	999.900000	999.900000	999.900000	999.900000	999.900000	999.900000	999.900000	999.900000
2011-03-26	12:16:32	999.900000	999.900000	999.900000	999.900000	999.900000	999.900000	999.900000	999.900000	999.900000	999.900000
2011-03-26	12:26:32	999.900000	999.900000	999.900000	999.900000	999.900000	999.900000	999.900000	999.900000	999.900000	999.900000
2011-03-26	12:36:32	999.900000	999.900000	999.900000	999.900000	999.900000	999.900000	999.900000	999.900000	999.900000	999.900000
2011-03-26	12:46:32	999.900000	999.900000	999.900000	999.900000	999.900000	999.900000	999.900000	999.900000	999.900000	999.900000
2011-03-26	12:56:32	38.000000	40.700000	40.200000	999.900000	40.500000	40.000000	40.500000	40.500000	999.900000	999.900000
2011-03-26	13:06:32	999.900000	999.900000	999.900000	999.900000	999.900000	999.900000	999.900000	999.900000	999.900000	999.900000
2011-03-26	13:16:32	999.900000	999.900000	999.900000	999.900000	999.900000	999.900000	999.900000	999.900000	999.900000	999.900000
2011-03-26	13:26:32	999.900000	999.900000	999.900000	999.900000	999.900000	999.900000	999.900000	999.900000	999.900000	999.900000
2011-03-26	13:36:32	999.900000	999.900000	999.900000	999.900000	999.900000	999.900000	999.900000	999.900000	999.900000	999.900000
2011-03-26	13:46:32	999.900000	999.900000	999.900000	999.900000	999.900000	999.900000	999.900000	999.900000	999.900000	999.900000
2011-03-26	13:56:32	39.000000	39.700000	39.700000	999.900000	40.000000	39.500000	39.500000	40.000000	999.900000	999.900000
2011-03-26	14:06:32	999.900000	999.900000	999.900000	999.900000	999.900000	999.900000	999.900000	999.900000	999.900000	999.900000
2011-03-26	14:16:32	40.000000	40.700000	40.500000	999.900000	40.500000	40.500000	40.500000	40.500000	999.900000	999.900000
2011-03-26	14:26:32	999.900000	999.900000	999.900000	999.900000	999.900000	999.900000	999.900000	999.900000	999.900000	999.900000
2011-03-26	14:36:32	999.900000	999.900000	999.900000	999.900000	999.900000	999.900000	999.900000	999.900000	999.900000	999.900000
2011-03-26	14:46:32	999.900000	999.900000	999.900000	999.900000	999.900000	999.900000	999.900000	999.900000	999.900000	999.900000
2011-03-26	14:56:32	999.900000	999.900000	999.900000	999.900000	999.900000	999.900000	999.900000	999.900000	999.900000	999.900000
2011-03-26	15:06:32	999.900000	999.900000	999.900000	999.900000	999.900000	999.900000	999.900000	999.900000	999.900000	999.900000
2011-03-26	15:16:32	999.900000	999.900000	999.900000	999.900000	999.900000	999.900000	999.900000	999.900000	999.900000	999.900000
2011-03-26	15:26:32	999.900000	999.900000	999.900000	999.900000	999.900000	999.900000	999.900000	999.900000	999.900000	999.900000
2011-03-26	15:36:32	999.900000	999.900000	999.900000	999.900000	999.900000	999.900000	999.900000	999.900000	999.900000	999.900000
2011-03-26	15:46:32	999.900000	999.900000	999.900000	999.900000	999.900000	999.900000	999.900000	999.900000	999.900000	999.900000
2011-03-26	15:56:32	999.900000	999.900000	999.900000	999.900000	999.900000	999.900000	999.900000	999.900000	999.900000	999.900000
2011-03-26	16:06:32	999.900000	999.900000	999.900000	999.900000	999.900000	999.900000	999.900000	999.900000	999.900000	999.900000
2011-03-26	16:16:32	38.500000	39.000000	39.000000	999.900000	38.500000	39.000000	39.000000	39.000000	999.900000	999.900000
2011-03-26	16:26:32	999.900000	999.900000	999.900000	999.900000	999.900000	999.900000	999.900000	999.900000	999.900000	999.900000
2011-03-26	16:36:32	999.900000	999.900000	999.900000	999.900000	999.900000	999.900000	999.900000	999.900000	999.900000	999.900000
2011-03-26	16:46:32	39.000000	39.200000	39.200000	999.900000	38.500000	39.000000	39.000000	39.000000	999.900000	999.900000
2011-03-26	16:56:32	999.900000	999.900000	999.900000	999.900000	999.900000	999.900000	999.900000	999.900000	999.900000	999.900000
2011-03-26	17:06:32	999.900000	999.900000	999.900000	999.900000	999.900000	999.900000	999.900000	999.900000	999.900000	999.900000
2011-03-26	17:16:32	999.900000	999.900000	999.900000	999.900000	999.900000	999.900000	999.900000	999.900000	999.900000	999.900000
2011-03-26	17:26:32	999.900000	999.900000	999.900000	999.900000	999.900000	999.900000	999.900000	999.900000	999.900000	999.900000
2011-03-26	17:36:32	999.900000	999.900000	999.900000	999.900000	999.900000	999.900000	999.900000	999.900000	999.900000	999.900000
2011-03-26	17:46:32	999.900000	999.900000	999.900000	999.900000	999.900000	999.900000	999.900000	999.900000	999.900000	999.900000
2011-03-26	17:56:32	35.000000	35.500000	35.700000	999.900000	35.000000	35.500000	35.500000	36.000000	999.900000	999.900000
2011-03-26	18:06:32	999.900000	999.900000	999.900000	999.900000	999.900000	999.900000	999.900000	999.900000	999.900000	999.900000
2011-03-26	18:16:32	30.000000	32.500000	32.500000	999.900000	32.500000	32.000000	32.500000	33.000000	999.900000	999.900000
2011-03-26	18:26:32	28.000000	30.700000	30.700000	999.900000	30.500000	30.500000	31.000000	31.500000	999.900000	999.900000
2011-03-26	18:36:32	999.900000	999.900000	999.900000	999.900000	999.900000	999.900000	999.900000	999.900000	999.900000	999.900000
2011-03-26	18:46:32	999.900000	999.900000	999.900000	999.900000	999.900000	999.900000	999.900000	999.900000	999.900000	999.900000
2011-03-26	18:56:32	25.500000	27.200000	27.200000	999.900000	27.500000	27.000000	27.500000	28.000000	999.900000	999.900000
2011-03-26	19:06:32	25.000000	26.500000	26.500000	999.900000	26.500000	26.500000	26.700000	27.000000	999.900000	999.900000
2011-03-26	19:16:32	999.900000	999.900000	999.900000	999.900000	999.900000	999.900000	999.900000	999.900000	999.900000	999.900000
2011-03-26	19:26:32	999.900000	999.900000	999.900000	999.900000	999.900000	999.900000	999.900000	999.900000	999.900000	999.900000
2011-03-26	19:36:32	999.900000	999.900000	999.900000	999.900000	999.900000	999.900000	999.900000	999.900000	999.900000	999.900000
2011-03-26	19:46:32	23.500000	24.500000	24.200000	999.900000	24.500000	24.000000	24.500000	25.000000	999.900000	999.900000
2011-03-26	19:56:32	999.900000	999.900000	999.900000	999.900000	999.900000	999.900000	999.900000	999.900000	999.900000	999.900000
2011-03-26	20:06:32	999.900000	999.900000	999.900000	999.900000	999.900000	999.900000	999.900000	999.900000	999.900000	999.900000
2011-03-26	20:16:32	999.900000	999.900000	999.900000	999.900000	999.900000	999.900000	999.900000	999.900000	999.900000	999.900000
2011-03-26	20:26:32	999.900000	999.900000	999.900000	999.900000	999.900000	999.900000	999.900000	999.900000	999.900000	999.900000
2011-03-26	20:36:32	999.900000	999.900000	999.900000	999.900000	999.900000	999.900000	999.900000	999.900000	999.900000	999.900000
2011-03-26	20:46:32	999.900000	999.900000	999.900000	999.900000	999.900000	999.900000	999.900000	999.900000	999.900000	999.900000
2011-03-26	20:56:32	999.900000	999.900000	999.900000	999.900000	999.900000	999.900000	999.900000	999.900000	999.900000	999.900000
2011-03-26	21:06:32	999.900000	999.900000	999.900000	999.900000	999.900000	999.900000	999.900000	999.900000	999.900000	999.900000
2011-03-26	21:16:32	20.500000	21.500000	21.200000	999.900000	21.500000	21.000000	21.500000	22.000000	999.900000	999.900000
2011-03-26	21:26:32	999.900000	999.900000	999.900000	999.900000	999.900000	999.900000	999.900000	999.900000	999.900000	999.900000
2011-03-26	21:36:32	999.900000	999.900000	999.900000	999.900000	999.900000	999.900000	999.900000	999.900000	999.900000	999.900000
2011-03-26	21:46:32	999.900000	999.900000	999.900000	999.900000	999.900000	999.900000	999.900000	999.900000	999.900000	999.900000
2011-03-26	21:56:32	999.900000	999.900000	999.900000	999.900000	999.900000	999.900000	999.900000	999.900000	999.900000	999.900000
2011-03-26	22:06:32	19.500000	20.200000	20.200000	999.900000	20.000000	20.000000	20.200000	20.500000	999.900000	999.900000
2011-03-26	22:16:32	19.500000	20.200000	20.000000	999.900000	20.000000	20.000000	20.200000	20.500000	999.900000	999.900000
2011-03-26	22:26:32	999.900000	999.900000	999.900000	999.900000	999.900000	999.900000	999.900000	999.900000	999.900000	999.900000
2011-03-26	22:36:32	999.900000	999.900000	999.900000	999.900000	999.900000	999.900000	999.900000	999.900000	999.900000	999.900000
2011-03-26	22:46:32	999.900000	999.900000	999.900000	999.900000	999.900000	999.900000	999.900000	999.900000	999.900000	999.900000
2011-03-26	22:56:32	999.900000	999.900000	999.900000	999.900000	999.900000	999.900000	999.900000	999.900000	999.900000	999.900000
2011-03-26	23:06:32	999.900000	999.900000	999.900000	999.900000	999.900000	999.900000	999.900000	999.900000	999.900000	999.900000
2011-03-26	23:16:32	18.000000	18.700000	18.700000	999.900000	19.000000	18.500000	18.700000	19.000000	999.900000	999.900000
2011-03-26	23:26:32	999.900000	999.900000	999.900000	999.900000	999.900000	999.900000	999.900000	999.900000	999.900000	999.900000
2011-03-26	23:36:32	999.900000	999.900000	999.900000	999.900000	999.900000	999.900000	999.900000	999.900000	999.900000	999.900000
2011-03-26	23:46:32	999.900000	999.900000	999.900000	999.900000	999.900000	999.900000	999.900000	999.900000	999.900000	999.900000
2011-03-26	23:56:32	999.900000	999.900000	999.900000	999.900000	999.900000	999.900000	999.900000	999.900000	999.900000	999.900000
