2011-04-12	00:06:15	999.900000	999.900000	999.900000	999.900000	999.900000	999.900000	999.900000	999.900000	999.900000	999.900000
2011-04-12	00:16:15	17.500000	18.000000	17.700000	999.900000	18.000000	17.500000	18.000000	18.500000	999.900000	999.900000
2011-04-12	00:26:15	17.000000	18.000000	17.700000	999.900000	18.000000	17.500000	17.700000	18.000000	999.900000	999.900000
2011-04-12	00:36:15	999.900000	999.900000	999.900000	999.900000	999.900000	999.900000	999.900000	999.900000	999.900000	999.900000
2011-04-12	00:46:15	999.900000	999.900000	999.900000	999.900000	999.900000	999.900000	999.900000	999.900000	999.900000	999.900000
2011-04-12	00:56:15	16.500000	17.500000	17.200000	999.900000	17.500000	17.000000	17.500000	17.500000	999.900000	999.900000
2011-04-12	01:06:15	999.900000	999.900000	999.900000	999.900000	999.900000	999.900000	999.900000	999.900000	999.900000	999.900000
2011-04-12	01:16:15	16.500000	17.200000	17.000000	999.900000	17.000000	17.000000	17.000000	17.500000	999.900000	999.900000
2011-04-12	01:26:15	999.900000	999.900000	999.900000	999.900000	999.900000	999.900000	999.900000	999.900000	999.900000	999.900000
2011-04-12	01:36:15	999.900000	999.900000	999.900000	999.900000	999.900000	999.900000	999.900000	999.900000	999.900000	999.900000
2011-04-12	01:46:15	999.900000	999.900000	999.900000	999.900000	999.900000	999.900000	999.900000	999.900000	999.900000	999.900000
2011-04-12	01:56:15	999.900000	999.900000	999.900000	999.900000	999.900000	999.900000	999.900000	999.900000	999.900000	999.900000
2011-04-12	02:06:15	999.900000	999.900000	999.900000	999.900000	999.900000	999.900000	999.900000	999.900000	999.900000	999.900000
2011-04-12	02:16:15	999.900000	999.900000	999.900000	999.900000	999.900000	999.900000	999.900000	999.900000	999.900000	999.900000
2011-04-12	02:26:15	999.900000	999.900000	999.900000	999.900000	999.900000	999.900000	999.900000	999.900000	999.900000	999.900000
2011-04-12	02:36:15	999.900000	999.900000	999.900000	999.900000	999.900000	999.900000	999.900000	999.900000	999.900000	999.900000
2011-04-12	02:46:15	999.900000	999.900000	999.900000	999.900000	999.900000	999.900000	999.900000	999.900000	999.900000	999.900000
2011-04-12	02:56:15	15.500000	16.500000	16.200000	999.900000	16.000000	16.000000	16.200000	16.500000	999.900000	999.900000
2011-04-12	03:06:15	999.900000	999.900000	999.900000	999.900000	999.900000	999.900000	999.900000	999.900000	999.900000	999.900000
2011-04-12	03:16:15	16.000000	16.500000	16.200000	999.900000	16.000000	16.000000	16.200000	16.500000	999.900000	999.900000
2011-04-12	03:26:15	999.900000	999.900000	999.900000	999.900000	999.900000	999.900000	999.900000	999.900000	999.900000	999.900000
2011-04-12	03:36:15	999.900000	999.900000	999.900000	999.900000	999.900000	999.900000	999.900000	999.900000	999.900000	999.900000
2011-04-12	03:46:15	999.900000	999.900000	999.900000	999.900000	999.900000	999.900000	999.900000	999.900000	999.900000	999.900000
2011-04-12	03:56:15	999.900000	999.900000	999.900000	999.900000	999.900000	999.900000	999.900000	999.900000	999.900000	999.900000
2011-04-12	04:06:15	16.000000	16.500000	16.200000	999.900000	16.000000	16.000000	16.200000	16.500000	999.900000	999.900000
2011-04-12	04:16:15	999.900000	999.900000	999.900000	999.900000	999.900000	999.900000	999.900000	999.900000	999.900000	999.900000
2011-04-12	04:26:15	999.900000	999.900000	999.900000	999.900000	999.900000	999.900000	999.900000	999.900000	999.900000	999.900000
2011-04-12	04:36:15	999.900000	999.900000	999.900000	999.900000	999.900000	999.900000	999.900000	999.900000	999.900000	999.900000
2011-04-12	04:46:15	999.900000	999.900000	999.900000	999.900000	999.900000	999.900000	999.900000	999.900000	999.900000	999.900000
2011-04-12	04:56:15	999.900000	999.900000	999.900000	999.900000	999.900000	999.900000	999.900000	999.900000	999.900000	999.900000
2011-04-12	05:06:15	999.900000	999.900000	999.900000	999.900000	999.900000	999.900000	999.900000	999.900000	999.900000	999.900000
2011-04-12	05:16:15	999.900000	999.900000	999.900000	999.900000	999.900000	999.900000	999.900000	999.900000	999.900000	999.900000
2011-04-12	05:26:15	999.900000	999.900000	999.900000	999.900000	999.900000	999.900000	999.900000	999.900000	999.900000	999.900000
2011-04-12	05:36:15	999.900000	999.900000	999.900000	999.900000	999.900000	999.900000	999.900000	999.900000	999.900000	999.900000
2011-04-12	05:46:15	999.900000	999.900000	999.900000	999.900000	999.900000	999.900000	999.900000	999.900000	999.900000	999.900000
2011-04-12	05:56:15	999.900000	999.900000	999.900000	999.900000	999.900000	999.900000	999.900000	999.900000	999.900000	999.900000
2011-04-12	06:06:15	999.900000	999.900000	999.900000	999.900000	999.900000	999.900000	999.900000	999.900000	999.900000	999.900000
2011-04-12	06:16:15	999.900000	999.900000	999.900000	999.900000	999.900000	999.900000	999.900000	999.900000	999.900000	999.900000
2011-04-12	06:26:15	14.500000	15.200000	15.000000	999.900000	15.000000	15.000000	15.200000	15.500000	999.900000	999.900000
2011-04-12	06:36:15	14.500000	15.200000	15.000000	999.900000	15.000000	15.000000	15.000000	15.500000	999.900000	999.900000
2011-04-12	06:46:15	14.500000	15.000000	15.000000	999.900000	15.000000	14.500000	15.000000	15.500000	999.900000	999.900000
2011-04-12	06:56:15	999.900000	999.900000	999.900000	999.900000	999.900000	999.900000	999.900000	999.900000	999.900000	999.900000
2011-04-12	07:06:15	14.000000	15.000000	14.700000	999.900000	15.000000	14.500000	15.000000	15.000000	999.900000	999.900000
2011-04-12	07:16:15	999.900000	999.900000	999.900000	999.900000	999.900000	999.900000	999.900000	999.900000	999.900000	999.900000
2011-04-12	07:26:15	999.900000	999.900000	999.900000	999.900000	999.900000	999.900000	999.900000	999.900000	999.900000	999.900000
2011-04-12	07:36:15	14.500000	15.200000	15.000000	999.900000	15.000000	15.000000	15.000000	15.000000	999.900000	999.900000
2011-04-12	07:46:15	999.900000	999.900000	999.900000	999.900000	999.900000	999.900000	999.900000	999.900000	999.900000	999.900000
2011-04-12	07:56:15	999.900000	999.900000	999.900000	999.900000	999.900000	999.900000	999.900000	999.900000	999.900000	999.900000
2011-04-12	08:06:15	999.900000	999.900000	999.900000	999.900000	999.900000	999.900000	999.900000	999.900000	999.900000	999.900000
2011-04-12	08:16:15	15.500000	15.700000	15.500000	999.900000	15.500000	15.500000	15.700000	16.000000	999.900000	999.900000
2011-04-12	08:26:15	999.900000	999.900000	999.900000	999.900000	999.900000	999.900000	999.900000	999.900000	999.900000	999.900000
2011-04-12	08:36:15	16.000000	16.500000	16.200000	999.900000	16.000000	16.000000	16.200000	16.500000	999.900000	999.900000
2011-04-12	08:46:15	999.900000	999.900000	999.900000	999.900000	999.900000	999.900000	999.900000	999.900000	999.900000	999.900000
2011-04-12	08:56:15	999.900000	999.900000	999.900000	999.900000	999.900000	999.900000	999.900000	999.900000	999.900000	999.900000
2011-04-12	09:06:15	999.900000	999.900000	999.900000	999.900000	999.900000	999.900000	999.900000	999.900000	999.900000	999.900000
2011-04-12	09:16:15	999.900000	999.900000	999.900000	999.900000	999.900000	999.900000	999.900000	999.900000	999.900000	999.900000
2011-04-12	09:26:15	999.900000	999.900000	999.900000	999.900000	999.900000	999.900000	999.900000	999.900000	999.900000	999.900000
2011-04-12	09:36:15	19.000000	19.000000	18.700000	999.900000	18.500000	18.500000	18.700000	18.500000	999.900000	999.900000
2011-04-12	09:46:15	999.900000	999.900000	999.900000	999.900000	999.900000	999.900000	999.900000	999.900000	999.900000	999.900000
2011-04-12	09:56:15	999.900000	999.900000	999.900000	999.900000	999.900000	999.900000	999.900000	999.900000	999.900000	999.900000
2011-04-12	10:06:15	999.900000	999.900000	999.900000	999.900000	999.900000	999.900000	999.900000	999.900000	999.900000	999.900000
2011-04-12	10:16:15	999.900000	999.900000	999.900000	999.900000	999.900000	999.900000	999.900000	999.900000	999.900000	999.900000
2011-04-12	10:26:15	22.000000	22.200000	21.700000	999.900000	21.500000	21.500000	21.500000	21.500000	999.900000	999.900000
2011-04-12	10:36:15	999.900000	999.900000	999.900000	999.900000	999.900000	999.900000	999.900000	999.900000	999.900000	999.900000
2011-04-12	10:46:15	999.900000	999.900000	999.900000	999.900000	999.900000	999.900000	999.900000	999.900000	999.900000	999.900000
2011-04-12	10:56:15	999.900000	999.900000	999.900000	999.900000	999.900000	999.900000	999.900000	999.900000	999.900000	999.900000
2011-04-12	11:06:15	999.900000	999.900000	999.900000	999.900000	999.900000	999.900000	999.900000	999.900000	999.900000	999.900000
2011-04-12	11:16:15	999.900000	999.900000	999.900000	999.900000	999.900000	999.900000	999.900000	999.900000	999.900000	999.900000
2011-04-12	11:26:15	29.000000	31.000000	30.200000	999.900000	30.000000	29.500000	29.500000	29.500000	999.900000	999.900000
2011-04-12	11:36:15	999.900000	999.900000	999.900000	999.900000	999.900000	999.900000	999.900000	999.900000	999.900000	999.900000
2011-04-12	11:46:15	999.900000	999.900000	999.900000	999.900000	999.900000	999.900000	999.900000	999.900000	999.900000	999.900000
2011-04-12	11:56:15	999.900000	999.900000	999.900000	999.900000	999.900000	999.900000	999.900000	999.900000	999.900000	999.900000
2011-04-12	12:06:15	999.900000	999.900000	999.900000	999.900000	999.900000	999.900000	999.900000	999.900000	999.900000	999.900000
2011-04-12	12:16:15	999.900000	999.900000	999.900000	999.900000	999.900000	999.900000	999.900000	999.900000	999.900000	999.900000
2011-04-12	12:26:15	34.500000	36.700000	36.000000	999.900000	36.000000	35.500000	35.700000	35.500000	999.900000	999.900000
2011-04-12	12:36:15	999.900000	999.900000	999.900000	999.900000	999.900000	999.900000	999.900000	999.900000	999.900000	999.900000
2011-04-12	12:46:15	999.900000	999.900000	999.900000	999.900000	999.900000	999.900000	999.900000	999.900000	999.900000	999.900000
2011-04-12	12:56:15	35.500000	37.700000	37.200000	999.900000	37.000000	36.500000	37.000000	37.000000	999.900000	999.900000
2011-04-12	13:06:15	999.900000	999.900000	999.900000	999.900000	999.900000	999.900000	999.900000	999.900000	999.900000	999.900000
2011-04-12	13:16:15	999.900000	999.900000	999.900000	999.900000	999.900000	999.900000	999.900000	999.900000	999.900000	999.900000
2011-04-12	13:26:15	999.900000	999.900000	999.900000	999.900000	999.900000	999.900000	999.900000	999.900000	999.900000	999.900000
2011-04-12	13:36:15	999.900000	999.900000	999.900000	999.900000	999.900000	999.900000	999.900000	999.900000	999.900000	999.900000
2011-04-12	13:46:15	999.900000	999.900000	999.900000	999.900000	999.900000	999.900000	999.900000	999.900000	999.900000	999.900000
2011-04-12	13:56:15	37.500000	39.500000	39.000000	999.900000	39.000000	38.500000	39.000000	39.000000	999.900000	999.900000
2011-04-12	14:06:15	999.900000	999.900000	999.900000	999.900000	999.900000	999.900000	999.900000	999.900000	999.900000	999.900000
2011-04-12	14:16:15	999.900000	999.900000	999.900000	999.900000	999.900000	999.900000	999.900000	999.900000	999.900000	999.900000
2011-04-12	14:26:15	37.000000	39.000000	38.500000	999.900000	39.000000	38.500000	38.700000	39.000000	999.900000	999.900000
2011-04-12	14:36:15	37.500000	38.500000	38.200000	999.900000	38.500000	38.000000	38.200000	38.500000	999.900000	999.900000
2011-04-12	14:46:15	999.900000	999.900000	999.900000	999.900000	999.900000	999.900000	999.900000	999.900000	999.900000	999.900000
2011-04-12	14:56:15	999.900000	999.900000	999.900000	999.900000	999.900000	999.900000	999.900000	999.900000	999.900000	999.900000
2011-04-12	15:06:15	999.900000	999.900000	999.900000	999.900000	999.900000	999.900000	999.900000	999.900000	999.900000	999.900000
2011-04-12	15:16:15	999.900000	999.900000	999.900000	999.900000	999.900000	999.900000	999.900000	999.900000	999.900000	999.900000
2011-04-12	15:26:15	999.900000	999.900000	999.900000	999.900000	999.900000	999.900000	999.900000	999.900000	999.900000	999.900000
2011-04-12	15:36:15	40.000000	41.000000	40.700000	999.900000	40.500000	40.500000	40.700000	40.500000	999.900000	999.900000
2011-04-12	15:46:15	999.900000	999.900000	999.900000	999.900000	999.900000	999.900000	999.900000	999.900000	999.900000	999.900000
2011-04-12	15:56:15	40.500000	41.200000	41.200000	999.900000	40.500000	41.000000	41.000000	41.000000	999.900000	999.900000
2011-04-12	16:06:15	40.500000	41.200000	41.000000	999.900000	40.500000	41.000000	41.000000	41.000000	999.900000	999.900000
2011-04-12	16:16:15	999.900000	999.900000	999.900000	999.900000	999.900000	999.900000	999.900000	999.900000	999.900000	999.900000
2011-04-12	16:26:15	999.900000	999.900000	999.900000	999.900000	999.900000	999.900000	999.900000	999.900000	999.900000	999.900000
2011-04-12	16:36:15	999.900000	999.900000	999.900000	999.900000	999.900000	999.900000	999.900000	999.900000	999.900000	999.900000
2011-04-12	16:46:15	999.900000	999.900000	999.900000	999.900000	999.900000	999.900000	999.900000	999.900000	999.900000	999.900000
2011-04-12	16:56:15	999.900000	999.900000	999.900000	999.900000	999.900000	999.900000	999.900000	999.900000	999.900000	999.900000
2011-04-12	17:06:15	999.900000	999.900000	999.900000	999.900000	999.900000	999.900000	999.900000	999.900000	999.900000	999.900000
2011-04-12	17:16:15	40.500000	41.000000	41.000000	999.900000	40.000000	40.500000	40.500000	40.500000	999.900000	999.900000
2011-04-12	17:26:15	999.900000	999.900000	999.900000	999.900000	999.900000	999.900000	999.900000	999.900000	999.900000	999.900000
2011-04-12	17:36:15	999.900000	999.900000	999.900000	999.900000	999.900000	999.900000	999.900000	999.900000	999.900000	999.900000
2011-04-12	17:46:15	999.900000	999.900000	999.900000	999.900000	999.900000	999.900000	999.900000	999.900000	999.900000	999.900000
2011-04-12	17:56:15	999.900000	999.900000	999.900000	999.900000	999.900000	999.900000	999.900000	999.900000	999.900000	999.900000
2011-04-12	18:06:15	999.900000	999.900000	999.900000	999.900000	999.900000	999.900000	999.900000	999.900000	999.900000	999.900000
2011-04-12	18:16:15	36.500000	37.500000	37.500000	999.900000	37.000000	37.500000	37.500000	38.000000	999.900000	999.900000
2011-04-12	18:26:15	36.000000	36.700000	36.700000	999.900000	36.500000	36.500000	36.700000	37.000000	999.900000	999.900000
2011-04-12	18:36:15	999.900000	999.900000	999.900000	999.900000	999.900000	999.900000	999.900000	999.900000	999.900000	999.900000
2011-04-12	18:46:15	999.900000	999.900000	999.900000	999.900000	999.900000	999.900000	999.900000	999.900000	999.900000	999.900000
2011-04-12	18:56:15	999.900000	999.900000	999.900000	999.900000	999.900000	999.900000	999.900000	999.900000	999.900000	999.900000
2011-04-12	19:06:15	999.900000	999.900000	999.900000	999.900000	999.900000	999.900000	999.900000	999.900000	999.900000	999.900000
2011-04-12	19:16:15	999.900000	999.900000	999.900000	999.900000	999.900000	999.900000	999.900000	999.900000	999.900000	999.900000
2011-04-12	19:26:15	999.900000	999.900000	999.900000	999.900000	999.900000	999.900000	999.900000	999.900000	999.900000	999.900000
2011-04-12	19:36:15	999.900000	999.900000	999.900000	999.900000	999.900000	999.900000	999.900000	999.900000	999.900000	999.900000
2011-04-12	19:46:15	999.900000	999.900000	999.900000	999.900000	999.900000	999.900000	999.900000	999.900000	999.900000	999.900000
2011-04-12	19:56:15	999.900000	999.900000	999.900000	999.900000	999.900000	999.900000	999.900000	999.900000	999.900000	999.900000
2011-04-12	20:06:15	999.900000	999.900000	999.900000	999.900000	999.900000	999.900000	999.900000	999.900000	999.900000	999.900000
2011-04-12	20:16:15	23.500000	25.200000	25.000000	999.900000	25.000000	25.000000	25.200000	25.500000	999.900000	999.900000
2011-04-12	20:26:15	999.900000	999.900000	999.900000	999.900000	999.900000	999.900000	999.900000	999.900000	999.900000	999.900000
2011-04-12	20:36:15	999.900000	999.900000	999.900000	999.900000	999.900000	999.900000	999.900000	999.900000	999.900000	999.900000
2011-04-12	20:46:15	999.900000	999.900000	999.900000	999.900000	999.900000	999.900000	999.900000	999.900000	999.900000	999.900000
2011-04-12	20:56:15	999.900000	999.900000	999.900000	999.900000	999.900000	999.900000	999.900000	999.900000	999.900000	999.900000
2011-04-12	21:06:15	999.900000	999.900000	999.900000	999.900000	999.900000	999.900000	999.900000	999.900000	999.900000	999.900000
2011-04-12	21:16:15	999.900000	999.900000	999.900000	999.900000	999.900000	999.900000	999.900000	999.900000	999.900000	999.900000
2011-04-12	21:26:15	999.900000	999.900000	999.900000	999.900000	999.900000	999.900000	999.900000	999.900000	999.900000	999.900000
2011-04-12	21:36:15	999.900000	999.900000	999.900000	999.900000	999.900000	999.900000	999.900000	999.900000	999.900000	999.900000
2011-04-12	21:46:15	999.900000	999.900000	999.900000	999.900000	999.900000	999.900000	999.900000	999.900000	999.900000	999.900000
2011-04-12	21:56:15	20.500000	21.500000	21.500000	999.900000	21.500000	21.500000	21.500000	22.000000	999.900000	999.900000
2011-04-12	22:06:15	999.900000	999.900000	999.900000	999.900000	999.900000	999.900000	999.900000	999.900000	999.900000	999.900000
2011-04-12	22:16:15	999.900000	999.900000	999.900000	999.900000	999.900000	999.900000	999.900000	999.900000	999.900000	999.900000
2011-04-12	22:26:15	999.900000	999.900000	999.900000	999.900000	999.900000	999.900000	999.900000	999.900000	999.900000	999.900000
2011-04-12	22:36:15	999.900000	999.900000	999.900000	999.900000	999.900000	999.900000	999.900000	999.900000	999.900000	999.900000
2011-04-12	22:46:15	999.900000	999.900000	999.900000	999.900000	999.900000	999.900000	999.900000	999.900000	999.900000	999.900000
2011-04-12	22:56:15	999.900000	999.900000	999.900000	999.900000	999.900000	999.900000	999.900000	999.900000	999.900000	999.900000
2011-04-12	23:06:15	19.500000	20.200000	20.000000	999.900000	20.000000	20.000000	20.200000	20.500000	999.900000	999.900000
2011-04-12	23:16:15	999.900000	999.900000	999.900000	999.900000	999.900000	999.900000	999.900000	999.900000	999.900000	999.900000
2011-04-12	23:26:15	999.900000	999.900000	999.900000	999.900000	999.900000	999.900000	999.900000	999.900000	999.900000	999.900000
2011-04-12	23:36:15	19.000000	19.700000	19.500000	999.900000	19.500000	19.500000	19.700000	20.000000	999.900000	999.900000
2011-04-12	23:46:15	18.500000	19.500000	19.500000	999.900000	19.500000	19.000000	19.500000	20.000000	999.900000	999.900000
2011-04-12	23:56:15	999.900000	999.900000	999.900000	999.900000	999.900000	999.900000	999.900000	999.900000	999.900000	999.900000
