2011-04-03	00:06:15	999.900000	999.900000	999.900000	999.900000	999.900000	999.900000	999.900000	999.900000	999.900000	999.900000
2011-04-03	00:16:15	19.000000	20.000000	19.700000	999.900000	20.000000	19.500000	20.000000	20.000000	999.900000	999.900000
2011-04-03	00:26:15	999.900000	999.900000	999.900000	999.900000	999.900000	999.900000	999.900000	999.900000	999.900000	999.900000
2011-04-03	00:36:15	19.000000	19.700000	19.500000	999.900000	19.500000	19.500000	19.700000	20.000000	999.900000	999.900000
2011-04-03	00:46:15	999.900000	999.900000	999.900000	999.900000	999.900000	999.900000	999.900000	999.900000	999.900000	999.900000
2011-04-03	00:56:15	999.900000	999.900000	999.900000	999.900000	999.900000	999.900000	999.900000	999.900000	999.900000	999.900000
2011-04-03	01:06:15	999.900000	999.900000	999.900000	999.900000	999.900000	999.900000	999.900000	999.900000	999.900000	999.900000
2011-04-03	01:16:15	999.900000	999.900000	999.900000	999.900000	999.900000	999.900000	999.900000	999.900000	999.900000	999.900000
2011-04-03	01:26:15	999.900000	999.900000	999.900000	999.900000	999.900000	999.900000	999.900000	999.900000	999.900000	999.900000
2011-04-03	01:36:15	18.000000	18.700000	18.500000	999.900000	18.500000	18.500000	18.700000	19.000000	999.900000	999.900000
2011-04-03	01:46:15	999.900000	999.900000	999.900000	999.900000	999.900000	999.900000	999.900000	999.900000	999.900000	999.900000
2011-04-03	01:56:15	999.900000	999.900000	999.900000	999.900000	999.900000	999.900000	999.900000	999.900000	999.900000	999.900000
2011-04-03	03:06:15	999.900000	999.900000	999.900000	999.900000	999.900000	999.900000	999.900000	999.900000	999.900000	999.900000
2011-04-03	03:16:15	999.900000	999.900000	999.900000	999.900000	999.900000	999.900000	999.900000	999.900000	999.900000	999.900000
2011-04-03	03:26:15	999.900000	999.900000	999.900000	999.900000	999.900000	999.900000	999.900000	999.900000	999.900000	999.900000
2011-04-03	03:36:15	999.900000	999.900000	999.900000	999.900000	999.900000	999.900000	999.900000	999.900000	999.900000	999.900000
2011-04-03	03:46:15	999.900000	999.900000	999.900000	999.900000	999.900000	999.900000	999.900000	999.900000	999.900000	999.900000
2011-04-03	03:56:15	999.900000	999.900000	999.900000	999.900000	999.900000	999.900000	999.900000	999.900000	999.900000	999.900000
2011-04-03	04:06:15	999.900000	999.900000	999.900000	999.900000	999.900000	999.900000	999.900000	999.900000	999.900000	999.900000
2011-04-03	04:16:15	999.900000	999.900000	999.900000	999.900000	999.900000	999.900000	999.900000	999.900000	999.900000	999.900000
2011-04-03	04:26:15	16.500000	17.200000	17.000000	999.900000	17.000000	17.000000	17.200000	17.500000	999.900000	999.900000
2011-04-03	04:36:15	999.900000	999.900000	999.900000	999.900000	999.900000	999.900000	999.900000	999.900000	999.900000	999.900000
2011-04-03	04:46:15	999.900000	999.900000	999.900000	999.900000	999.900000	999.900000	999.900000	999.900000	999.900000	999.900000
2011-04-03	04:56:15	16.000000	16.700000	16.500000	999.900000	16.500000	16.500000	16.500000	17.000000	999.900000	999.900000
2011-04-03	05:06:15	999.900000	999.900000	999.900000	999.900000	999.900000	999.900000	999.900000	999.900000	999.900000	999.900000
2011-04-03	05:16:15	999.900000	999.900000	999.900000	999.900000	999.900000	999.900000	999.900000	999.900000	999.900000	999.900000
2011-04-03	05:26:15	999.900000	999.900000	999.900000	999.900000	999.900000	999.900000	999.900000	999.900000	999.900000	999.900000
2011-04-03	05:36:15	999.900000	999.900000	999.900000	999.900000	999.900000	999.900000	999.900000	999.900000	999.900000	999.900000
2011-04-03	05:46:15	999.900000	999.900000	999.900000	999.900000	999.900000	999.900000	999.900000	999.900000	999.900000	999.900000
2011-04-03	05:56:15	999.900000	999.900000	999.900000	999.900000	999.900000	999.900000	999.900000	999.900000	999.900000	999.900000
2011-04-03	06:06:15	15.500000	16.000000	15.700000	999.900000	15.500000	15.500000	16.000000	16.000000	999.900000	999.900000
2011-04-03	06:16:15	15.500000	16.000000	15.700000	999.900000	15.500000	15.500000	15.700000	16.000000	999.900000	999.900000
2011-04-03	06:26:15	999.900000	999.900000	999.900000	999.900000	999.900000	999.900000	999.900000	999.900000	999.900000	999.900000
2011-04-03	06:36:15	999.900000	999.900000	999.900000	999.900000	999.900000	999.900000	999.900000	999.900000	999.900000	999.900000
2011-04-03	06:46:15	999.900000	999.900000	999.900000	999.900000	999.900000	999.900000	999.900000	999.900000	999.900000	999.900000
2011-04-03	06:56:15	999.900000	999.900000	999.900000	999.900000	999.900000	999.900000	999.900000	999.900000	999.900000	999.900000
2011-04-03	07:06:15	999.900000	999.900000	999.900000	999.900000	999.900000	999.900000	999.900000	999.900000	999.900000	999.900000
2011-04-03	07:16:15	999.900000	999.900000	999.900000	999.900000	999.900000	999.900000	999.900000	999.900000	999.900000	999.900000
2011-04-03	07:26:15	15.500000	16.000000	15.700000	999.900000	15.500000	15.500000	15.700000	16.000000	999.900000	999.900000
2011-04-03	07:36:15	15.500000	16.000000	16.000000	999.900000	15.500000	15.500000	16.000000	16.000000	999.900000	999.900000
2011-04-03	07:46:15	999.900000	999.900000	999.900000	999.900000	999.900000	999.900000	999.900000	999.900000	999.900000	999.900000
2011-04-03	07:56:15	999.900000	999.900000	999.900000	999.900000	999.900000	999.900000	999.900000	999.900000	999.900000	999.900000
2011-04-03	08:06:15	999.900000	999.900000	999.900000	999.900000	999.900000	999.900000	999.900000	999.900000	999.900000	999.900000
2011-04-03	08:16:15	16.500000	16.700000	16.500000	999.900000	16.500000	16.500000	16.500000	16.500000	999.900000	999.900000
2011-04-03	08:26:15	999.900000	999.900000	999.900000	999.900000	999.900000	999.900000	999.900000	999.900000	999.900000	999.900000
2011-04-03	08:36:15	999.900000	999.900000	999.900000	999.900000	999.900000	999.900000	999.900000	999.900000	999.900000	999.900000
2011-04-03	08:46:15	999.900000	999.900000	999.900000	999.900000	999.900000	999.900000	999.900000	999.900000	999.900000	999.900000
2011-04-03	08:56:15	999.900000	999.900000	999.900000	999.900000	999.900000	999.900000	999.900000	999.900000	999.900000	999.900000
2011-04-03	09:06:15	17.500000	18.000000	17.700000	999.900000	17.500000	17.500000	17.500000	17.500000	999.900000	999.900000
2011-04-03	09:16:15	999.900000	999.900000	999.900000	999.900000	999.900000	999.900000	999.900000	999.900000	999.900000	999.900000
2011-04-03	09:26:15	999.900000	999.900000	999.900000	999.900000	999.900000	999.900000	999.900000	999.900000	999.900000	999.900000
2011-04-03	09:36:15	999.900000	999.900000	999.900000	999.900000	999.900000	999.900000	999.900000	999.900000	999.900000	999.900000
2011-04-03	09:46:15	999.900000	999.900000	999.900000	999.900000	999.900000	999.900000	999.900000	999.900000	999.900000	999.900000
2011-04-03	09:56:15	999.900000	999.900000	999.900000	999.900000	999.900000	999.900000	999.900000	999.900000	999.900000	999.900000
2011-04-03	10:06:15	19.500000	19.700000	19.500000	999.900000	19.500000	19.500000	19.500000	19.500000	999.900000	999.900000
2011-04-03	10:16:15	999.900000	999.900000	999.900000	999.900000	999.900000	999.900000	999.900000	999.900000	999.900000	999.900000
2011-04-03	10:26:15	999.900000	999.900000	999.900000	999.900000	999.900000	999.900000	999.900000	999.900000	999.900000	999.900000
2011-04-03	10:36:15	999.900000	999.900000	999.900000	999.900000	999.900000	999.900000	999.900000	999.900000	999.900000	999.900000
2011-04-03	10:46:15	999.900000	999.900000	999.900000	999.900000	999.900000	999.900000	999.900000	999.900000	999.900000	999.900000
2011-04-03	10:56:15	999.900000	999.900000	999.900000	999.900000	999.900000	999.900000	999.900000	999.900000	999.900000	999.900000
2011-04-03	11:06:15	999.900000	999.900000	999.900000	999.900000	999.900000	999.900000	999.900000	999.900000	999.900000	999.900000
2011-04-03	11:16:15	999.900000	999.900000	999.900000	999.900000	999.900000	999.900000	999.900000	999.900000	999.900000	999.900000
2011-04-03	11:26:15	999.900000	999.900000	999.900000	999.900000	999.900000	999.900000	999.900000	999.900000	999.900000	999.900000
2011-04-03	11:36:15	999.900000	999.900000	999.900000	999.900000	999.900000	999.900000	999.900000	999.900000	999.900000	999.900000
2011-04-03	11:46:15	999.900000	999.900000	999.900000	999.900000	999.900000	999.900000	999.900000	999.900000	999.900000	999.900000
2011-04-03	11:56:15	999.900000	999.900000	999.900000	999.900000	999.900000	999.900000	999.900000	999.900000	999.900000	999.900000
2011-04-03	12:06:15	999.900000	999.900000	999.900000	999.900000	999.900000	999.900000	999.900000	999.900000	999.900000	999.900000
2011-04-03	12:16:15	999.900000	999.900000	999.900000	999.900000	999.900000	999.900000	999.900000	999.900000	999.900000	999.900000
2011-04-03	12:26:15	999.900000	999.900000	999.900000	999.900000	999.900000	999.900000	999.900000	999.900000	999.900000	999.900000
2011-04-03	12:36:15	999.900000	999.900000	999.900000	999.900000	999.900000	999.900000	999.900000	999.900000	999.900000	999.900000
2011-04-03	12:46:15	999.900000	999.900000	999.900000	999.900000	999.900000	999.900000	999.900000	999.900000	999.900000	999.900000
2011-04-03	12:56:15	999.900000	999.900000	999.900000	999.900000	999.900000	999.900000	999.900000	999.900000	999.900000	999.900000
2011-04-03	13:06:15	999.900000	999.900000	999.900000	999.900000	999.900000	999.900000	999.900000	999.900000	999.900000	999.900000
2011-04-03	13:16:15	38.000000	40.500000	39.700000	999.900000	39.500000	39.000000	39.500000	39.500000	999.900000	999.900000
2011-04-03	13:26:15	999.900000	999.900000	999.900000	999.900000	999.900000	999.900000	999.900000	999.900000	999.900000	999.900000
2011-04-03	13:36:15	999.900000	999.900000	999.900000	999.900000	999.900000	999.900000	999.900000	999.900000	999.900000	999.900000
2011-04-03	13:46:15	999.900000	999.900000	999.900000	999.900000	999.900000	999.900000	999.900000	999.900000	999.900000	999.900000
2011-04-03	13:56:15	999.900000	999.900000	999.900000	999.900000	999.900000	999.900000	999.900000	999.900000	999.900000	999.900000
2011-04-03	14:06:15	999.900000	999.900000	999.900000	999.900000	999.900000	999.900000	999.900000	999.900000	999.900000	999.900000
2011-04-03	14:16:15	999.900000	999.900000	999.900000	999.900000	999.900000	999.900000	999.900000	999.900000	999.900000	999.900000
2011-04-03	14:26:15	999.900000	999.900000	999.900000	999.900000	999.900000	999.900000	999.900000	999.900000	999.900000	999.900000
2011-04-03	14:36:15	999.900000	999.900000	999.900000	999.900000	999.900000	999.900000	999.900000	999.900000	999.900000	999.900000
2011-04-03	14:46:15	41.500000	41.700000	41.700000	999.900000	41.500000	41.500000	41.500000	42.000000	999.900000	999.900000
2011-04-03	14:56:15	42.500000	42.000000	42.200000	999.900000	41.500000	42.000000	41.700000	42.000000	999.900000	999.900000
2011-04-03	15:06:15	999.900000	999.900000	999.900000	999.900000	999.900000	999.900000	999.900000	999.900000	999.900000	999.900000
2011-04-03	15:16:15	999.900000	999.900000	999.900000	999.900000	999.900000	999.900000	999.900000	999.900000	999.900000	999.900000
2011-04-03	15:26:15	999.900000	999.900000	999.900000	999.900000	999.900000	999.900000	999.900000	999.900000	999.900000	999.900000
2011-04-03	15:36:15	999.900000	999.900000	999.900000	999.900000	999.900000	999.900000	999.900000	999.900000	999.900000	999.900000
2011-04-03	15:46:15	999.900000	999.900000	999.900000	999.900000	999.900000	999.900000	999.900000	999.900000	999.900000	999.900000
2011-04-03	15:56:15	999.900000	999.900000	999.900000	999.900000	999.900000	999.900000	999.900000	999.900000	999.900000	999.900000
2011-04-03	16:06:15	47.000000	46.500000	46.500000	999.900000	44.500000	46.000000	45.500000	45.500000	999.900000	999.900000
2011-04-03	16:16:15	999.900000	999.900000	999.900000	999.900000	999.900000	999.900000	999.900000	999.900000	999.900000	999.900000
2011-04-03	16:26:15	999.900000	999.900000	999.900000	999.900000	999.900000	999.900000	999.900000	999.900000	999.900000	999.900000
2011-04-03	16:36:15	47.500000	46.500000	46.700000	999.900000	44.500000	46.500000	45.500000	45.500000	999.900000	999.900000
2011-04-03	16:46:15	999.900000	999.900000	999.900000	999.900000	999.900000	999.900000	999.900000	999.900000	999.900000	999.900000
2011-04-03	16:56:15	999.900000	999.900000	999.900000	999.900000	999.900000	999.900000	999.900000	999.900000	999.900000	999.900000
2011-04-03	17:06:15	999.900000	999.900000	999.900000	999.900000	999.900000	999.900000	999.900000	999.900000	999.900000	999.900000
2011-04-03	17:16:15	999.900000	999.900000	999.900000	999.900000	999.900000	999.900000	999.900000	999.900000	999.900000	999.900000
2011-04-03	17:26:15	999.900000	999.900000	999.900000	999.900000	999.900000	999.900000	999.900000	999.900000	999.900000	999.900000
2011-04-03	17:36:15	999.900000	999.900000	999.900000	999.900000	999.900000	999.900000	999.900000	999.900000	999.900000	999.900000
2011-04-03	17:46:15	42.500000	43.700000	43.700000	999.900000	43.000000	43.500000	43.700000	44.000000	999.900000	999.900000
2011-04-03	17:56:15	999.900000	999.900000	999.900000	999.900000	999.900000	999.900000	999.900000	999.900000	999.900000	999.900000
2011-04-03	18:06:15	999.900000	999.900000	999.900000	999.900000	999.900000	999.900000	999.900000	999.900000	999.900000	999.900000
2011-04-03	18:16:15	999.900000	999.900000	999.900000	999.900000	999.900000	999.900000	999.900000	999.900000	999.900000	999.900000
2011-04-03	18:26:15	999.900000	999.900000	999.900000	999.900000	999.900000	999.900000	999.900000	999.900000	999.900000	999.900000
2011-04-03	18:36:15	999.900000	999.900000	999.900000	999.900000	999.900000	999.900000	999.900000	999.900000	999.900000	999.900000
2011-04-03	18:46:15	999.900000	999.900000	999.900000	999.900000	999.900000	999.900000	999.900000	999.900000	999.900000	999.900000
2011-04-03	18:56:15	999.900000	999.900000	999.900000	999.900000	999.900000	999.900000	999.900000	999.900000	999.900000	999.900000
2011-04-03	19:06:15	999.900000	999.900000	999.900000	999.900000	999.900000	999.900000	999.900000	999.900000	999.900000	999.900000
2011-04-03	19:16:15	30.500000	32.700000	32.500000	999.900000	32.500000	32.500000	32.700000	33.000000	999.900000	999.900000
2011-04-03	19:26:15	999.900000	999.900000	999.900000	999.900000	999.900000	999.900000	999.900000	999.900000	999.900000	999.900000
2011-04-03	19:36:15	27.500000	29.700000	29.700000	999.900000	29.500000	29.500000	30.000000	30.500000	999.900000	999.900000
2011-04-03	19:46:15	999.900000	999.900000	999.900000	999.900000	999.900000	999.900000	999.900000	999.900000	999.900000	999.900000
2011-04-03	19:56:15	999.900000	999.900000	999.900000	999.900000	999.900000	999.900000	999.900000	999.900000	999.900000	999.900000
2011-04-03	20:06:15	999.900000	999.900000	999.900000	999.900000	999.900000	999.900000	999.900000	999.900000	999.900000	999.900000
2011-04-03	20:16:15	24.500000	26.000000	26.000000	999.900000	26.000000	25.500000	26.200000	26.500000	999.900000	999.900000
2011-04-03	20:26:15	999.900000	999.900000	999.900000	999.900000	999.900000	999.900000	999.900000	999.900000	999.900000	999.900000
2011-04-03	20:36:15	999.900000	999.900000	999.900000	999.900000	999.900000	999.900000	999.900000	999.900000	999.900000	999.900000
2011-04-03	20:46:15	999.900000	999.900000	999.900000	999.900000	999.900000	999.900000	999.900000	999.900000	999.900000	999.900000
2011-04-03	20:56:15	999.900000	999.900000	999.900000	999.900000	999.900000	999.900000	999.900000	999.900000	999.900000	999.900000
2011-04-03	21:06:15	23.000000	24.000000	24.000000	999.900000	24.000000	24.000000	24.000000	24.500000	999.900000	999.900000
2011-04-03	21:16:15	999.900000	999.900000	999.900000	999.900000	999.900000	999.900000	999.900000	999.900000	999.900000	999.900000
2011-04-03	21:26:15	999.900000	999.900000	999.900000	999.900000	999.900000	999.900000	999.900000	999.900000	999.900000	999.900000
2011-04-03	21:36:15	999.900000	999.900000	999.900000	999.900000	999.900000	999.900000	999.900000	999.900000	999.900000	999.900000
2011-04-03	21:46:15	999.900000	999.900000	999.900000	999.900000	999.900000	999.900000	999.900000	999.900000	999.900000	999.900000
2011-04-03	21:56:15	999.900000	999.900000	999.900000	999.900000	999.900000	999.900000	999.900000	999.900000	999.900000	999.900000
2011-04-03	22:06:15	999.900000	999.900000	999.900000	999.900000	999.900000	999.900000	999.900000	999.900000	999.900000	999.900000
2011-04-03	22:16:15	999.900000	999.900000	999.900000	999.900000	999.900000	999.900000	999.900000	999.900000	999.900000	999.900000
2011-04-03	22:26:15	999.900000	999.900000	999.900000	999.900000	999.900000	999.900000	999.900000	999.900000	999.900000	999.900000
2011-04-03	22:36:15	999.900000	999.900000	999.900000	999.900000	999.900000	999.900000	999.900000	999.900000	999.900000	999.900000
2011-04-03	22:46:15	21.500000	22.500000	22.200000	999.900000	22.500000	22.000000	22.500000	22.500000	999.900000	999.900000
2011-04-03	22:56:15	999.900000	999.900000	999.900000	999.900000	999.900000	999.900000	999.900000	999.900000	999.900000	999.900000
2011-04-03	23:06:15	999.900000	999.900000	999.900000	999.900000	999.900000	999.900000	999.900000	999.900000	999.900000	999.900000
2011-04-03	23:16:15	21.000000	22.000000	22.000000	999.900000	22.000000	21.500000	22.000000	22.500000	999.900000	999.900000
2011-04-03	23:26:15	999.900000	999.900000	999.900000	999.900000	999.900000	999.900000	999.900000	999.900000	999.900000	999.900000
2011-04-03	23:36:15	21.000000	21.700000	21.500000	999.900000	21.500000	21.500000	21.700000	22.000000	999.900000	999.900000
2011-04-03	23:46:15	21.000000	21.700000	21.500000	999.900000	21.500000	21.500000	21.500000	22.000000	999.900000	999.900000
2011-04-03	23:56:15	999.900000	999.900000	999.900000	999.900000	999.900000	999.900000	999.900000	999.900000	999.900000	999.900000
