Wed Dec 31 18:00:00 1969|5|5|0|22.4,23.4,24.2,34.2,33.5
Wed Dec 31 18:00:00 1969|5|5|0|22.4,23.4,24.2,34.2,33.5

Wed Dec 31 18:00:00 1969|5|5|0|22.4,23.4,24.2,34.2,33.5



Wed Dec 31 21:25:45 1969|2|5|12345|1,2,3,4,5
Wed Dec 31 21:25:45 1969|2|5|12345|1,2,3,4,5
Wed Dec 31 21:25:45 1969|2|5|12345|1,2,3,4,5
Wed Dec 31 21:25:46 1969|1|5|12346|10,20,30,40,50
Sun May 2 21:37:27 2010|5|5|1272854247|22.4,23.4,24.2,34.2,33.5
Mon May 3 0:05:41 2010|5|5|1272863141|22.4,23.4,24.2,34.2,33.5
Mon May 3 11:29:10 2010|5|5|1272904150|22.4,23.4,24.2,34.2,33.5
Mon May 3 11:33:09 2010|5|5|1272904389|22.4,23.4,24.2,34.2,33.5
Tue May 4 22:49:30 2010|5|5|1273031370|22.4,23.4,24.2,34.2,33.5
Thu May 6 12:30:17 2010|5|5|1273167017|22.4,23.4,24.2,34.2,33.5
Thu May 6 12:33:21 2010|5|5|1273167201|22.4,23.4,24.2,34.2,33.5
Thu May 6 12:59:01 2010|5|5|1273168741|22.4,23.4,24.2,34.2,33.5
Thu May 6 12:59:29 2010|5|5|1273168769|22.4,23.4,24.2,34.2,33.5
Thu May 6 12:59:29 2010|5|5|1273168769|22.4,23.4,24.2,34.2,33.5
Thu May 6 12:59:29 2010|5|5|1273168769|22.4,23.4,24.2,34.2,33.5
Thu May 6 12:59:29 2010|5|5|1273168769|22.4,23.4,24.2,34.2,33.5
Thu May 6 12:59:29 2010|5|5|1273168769|22.4,23.4,24.2,34.2,33.5
Thu May 6 13:09:13 2010|5|5|1273169353|22.4,23.4,24.2,34.2,33.5
Thu May 6 14:04:52 2010|5|5|1273172692|22.4,23.4,24.2,34.2,33.5
Thu May 6 18:18:33 2010|5|5|1273187913|22.4,23.4,24.2,34.2,33.5
Thu May 6 18:31:10 2010|5|5|1273188670|22.4,23.4,24.2,34.2,33.5
Thu May 6 18:32:11 2010|5|5|1273188731|22.4,23.4,24.2,34.2,33.5
Thu May 6 18:52:12 2010|5|5|1273189932|22.4,23.4,24.2,34.2,33.5
Thu May 6 18:59:43 2010|5|5|1273190383|22.4,23.4,24.2,34.2,33.5
Fri May 7 8:48:00 2010|5|5|1273240080|22.4,23.4,24.2,34.2,33.5
Fri May 7 8:48:13 2010|5|5|1273240093|22.4,23.4,24.2,34.2,33.5
Fri May 7 15:30:01 2010|5|5|1273264201|22.4,23.4,24.2,34.2,33.5
Sat May 8 8:29:34 2010|5|5|1273325374|22.4,23.4,24.2,34.2,33.5
Sat May 8 8:29:44 2010|5|5|1273325384|22.4,23.4,24.2,34.2,33.5
Sat May 8 11:51:17 2010|5|5|1273337477|22.4,23.4,24.2,34.2,33.5
Sat May 8 11:51:22 2010|5|5|1273337482|22.4,23.4,24.2,34.2,33.5
Sat May 8 17:04:39 2010|5|5|1273356279|22.4,23.4,24.2,34.2,33.5
Sun May 9 11:41:22 2010|5|5|1273423282|22.4,23.4,24.2,34.2,33.5
Sun May 9 11:41:36 2010|5|5|1273423296|22.4,23.4,24.2,34.2,33.5
Sun May 9 12:17:51 2010|5|5|1273425471|22.4,23.4,24.2,34.2,33.5
