0.019821	0.007135	
0.257668	0.092760	
1.209056	0.435260	
3.052371	1.098854	
5.827255	2.097812	
9.533706	3.432134	
13.834774	4.980519	
18.413332	6.628799	
22.872965	8.234267	
27.292957	9.825465	
31.613847	11.373849	
35.914916	12.836609	
40.552935	14.163796	
45.230595	15.184160	
49.868614	15.854889	
54.566094	16.211660	
59.521243	16.447129	
64.615135	16.632649	
69.590104	16.818170	
74.743459	17.082180	
80.095019	17.453222	
85.724068	17.931295	
91.511681	18.345149	
97.299294	18.744732	
103.007625	19.130044	
108.735777	19.501086	
114.781058	19.893533	
121.004724	20.300252	
127.565341	20.871085	
134.601651	21.548949	
142.054195	22.305303	
150.061715	23.161553	
159.337752	24.417386	
169.307511	25.922958	
180.208837	27.792436	
191.784064	29.897383	
204.112473	32.159310	
217.174245	34.621027	
230.691890	37.125558	
244.605946	39.601546	
259.094800	42.134618	
274.138631	44.667690	
289.479770	46.851126	
304.939833	48.827636	
320.816129	50.618625	
336.989733	52.274041	
353.302082	53.708259	
369.792816	54.942686	
386.501576	56.091487	
403.150875	57.076174	
419.978559	57.918153	
437.024269	58.638830	
454.050159	59.245340	
470.858023	59.730548	
486.972165	59.816173	
502.689896	59.652059	
517.951753	59.273882	
532.757737	58.667372	
546.949282	57.761174	
560.665133	56.705133	
574.123316	55.492112	
586.848137	53.936592	
599.216187	52.259770	
611.346391	50.575812	
623.100003	49.006021	
634.576126	47.479043	
645.814403	46.030554	
657.349988	44.853211	
668.845933	43.882794	
680.183312	43.026545	
690.906253	42.041858	
700.816550	41.028629	
709.993485	39.879827	
718.437058	38.552640	
726.147269	37.097016	
733.163759	35.491548	
739.446887	33.707694	
745.175039	31.617018	
750.744626	29.483529	
756.096186	27.328635	
761.309002	25.344990	
766.482177	23.639626	
771.774276	22.241085	
777.997942	21.441918	
784.578379	21.035200	
791.158816	20.878221	
798.036562	21.092283	
805.429644	21.691658	
813.199316	22.483689	
821.127554	23.411292	
829.075612	24.395979	
836.785823	25.309312	
843.901416	25.965771	
850.739521	26.186968	
857.002828	26.072802	
862.949006	25.844468	
868.498773	25.366396	
873.671948	24.567229	
878.468531	23.496917	
882.789421	22.198272	
886.436410	20.649887	
889.587884	17.099999
892.164561	14.388888	
894.027697	11.583744	
895.157471	8.735671	
895.811551	4.830516	
896.247604	2.989579	
896.525092	1.227132	
896.644016	0.000000	
896.644016	0.00000
896.644016	0.000000	
896.644016	0.000000
896.644016	0.000000
896.644016	0.000000
896.644016	0.000000
896.644016	0.000000
896.644016	0.000000
896.644016	0.000000
896.644016	0.000000	
896.644016	0.000000	
896.644016	0.000000	
